1           1                                    19             0.0004687951  2              0.0009875568  1              0.0006925208  0              0.0000000000
2           10                                   24             0.0005889989  0              0.0001975114  3              0.0016158818  0              0.0000000000
3           2                                    26             0.0006370805  0              0.0001975114  0              0.0002308403  0              0.0000000000
4           2012                                 13             0.0003245504  0              0.0001975114  0              0.0002308403  0              0.0000000000
5           2013                                 16             0.0003966728  0              0.0001975114  0              0.0002308403  0              0.0000000000
6           2014                                 16             0.0003966728  0              0.0001975114  0              0.0002308403  0              0.0000000000
7           2015                                 18             0.0004447543  0              0.0001975114  0              0.0002308403  0              0.0000000000
8           2016                                 30             0.0007332436  0              0.0001975114  0              0.0002308403  0              0.0000000000
9           2017                                 39             0.0009496105  0              0.0001975114  0              0.0002308403  0              0.0000000000
10          2018                                 75             0.0018150784  0              0.0001975114  1              0.0006925208  0              0.0000000000
11          3                                    27             0.0006611213  1              0.0005925341  1              0.0006925208  0              0.0000000000
12          30                                   11             0.0002764689  0              0.0001975114  1              0.0006925208  0              0.0000000000
13          3d                                   11             0.0002764689  1              0.0005925341  0              0.0002308403  0              0.0000000000
14          4                                    16             0.0003966728  0              0.0001975114  1              0.0006925208  0              0.0000000000
15          5                                    15             0.0003726320  0              0.0001975114  0              0.0002308403  0              0.0000000000
16          6                                    14             0.0003485912  0              0.0001975114  0              0.0002308403  0              0.0000000000
17          8                                    13             0.0003245504  0              0.0001975114  0              0.0002308403  0              0.0000000000
18          a                                    736            0.0177060294  49             0.0195536243  52             0.0242382271  0              0.0000000000
19          about                                79             0.0019112415  8              0.0033576931  3              0.0016158818  0              0.0000000000
20          access                               14             0.0003485912  1              0.0005925341  2              0.0011542013  0              0.0000000000
21          after                                44             0.0010698144  0              0.0001975114  0              0.0002308403  0              0.0000000000
22          against                              23             0.0005649582  0              0.0001975114  0              0.0002308403  0              0.0000000000
23          ai                                   75             0.0018150784  1              0.0005925341  1              0.0006925208  0              0.0000000000
24          air                                  12             0.0003005097  0              0.0001975114  0              0.0002308403  0              0.0000000000
25          algorithms                           13             0.0003245504  0              0.0001975114  0              0.0002308403  0              0.0000000000
26          all                                  44             0.0010698144  3              0.0013825795  1              0.0006925208  0              0.0000000000
27          amazon                               54             0.0013102221  0              0.0001975114  0              0.0002308403  0              0.0000000000
28          america                              12             0.0003005097  0              0.0001975114  0              0.0002308403  0              0.0000000000
29          an                                   149            0.0035940956  2              0.0009875568  4              0.0020775623  0              0.0000000000
30          analysis                             17             0.0004207135  1              0.0005925341  1              0.0006925208  0              0.0000000000
31          analytics                            15             0.0003726320  0              0.0001975114  1              0.0006925208  0              0.0000000000
32          and                                  600            0.0144364843  15             0.0061228521  38             0.0177746999  0              0.0000000000
33          android                              30             0.0007332436  0              0.0001975114  2              0.0011542013  0              0.0000000000
34          announces                            13             0.0003245504  0              0.0001975114  0              0.0002308403  0              0.0000000000
35          any                                  19             0.0004687951  9              0.0037527158  3              0.0016158818  0              0.0000000000
36          anyone                               9              0.0002283873  3              0.0013825795  0              0.0002308403  0              0.0000000000
37          api                                  21             0.0005168766  2              0.0009875568  3              0.0016158818  0              0.0000000000
38          app                                  55             0.0013342629  2              0.0009875568  3              0.0016158818  0              0.0000000000
39          apple                                45             0.0010938552  0              0.0001975114  0              0.0002308403  0              0.0000000000
40          application                          11             0.0002764689  1              0.0005925341  1              0.0006925208  0              0.0000000000
41          apps                                 12             0.0003005097  2              0.0009875568  3              0.0016158818  0              0.0000000000
42          architecture                         12             0.0003005097  1              0.0005925341  1              0.0006925208  0              0.0000000000
43          are                                  144            0.0034738917  26             0.0104681019  1              0.0006925208  0              0.0000000000
44          around                               10             0.0002524281  0              0.0001975114  1              0.0006925208  0              0.0000000000
45          art                                  18             0.0004447543  1              0.0005925341  0              0.0002308403  0              0.0000000000
46          artificial                           19             0.0004687951  0              0.0001975114  0              0.0002308403  0              0.0000000000
47          as                                   85             0.0020554861  8              0.0033576931  2              0.0011542013  0              0.0000000000
48          ask-hn                               0              0.0000120204  220            0.0871025084  0              0.0002308403  0              0.0000000000
49          at                                   115            0.0027767093  2              0.0009875568  0              0.0002308403  0              0.0000000000
50          attack                               10             0.0002524281  1              0.0005925341  0              0.0002308403  0              0.0000000000
51          automated                            11             0.0002764689  0              0.0001975114  1              0.0006925208  0              0.0000000000
52          available                            11             0.0002764689  2              0.0009875568  1              0.0006925208  0              0.0000000000
53          aws                                  30             0.0007332436  3              0.0013825795  1              0.0006925208  0              0.0000000000
54          back                                 25             0.0006130397  0              0.0001975114  0              0.0002308403  0              0.0000000000
55          bad                                  18             0.0004447543  1              0.0005925341  0              0.0002308403  0              0.0000000000
56          based                                10             0.0002524281  2              0.0009875568  3              0.0016158818  0              0.0000000000
57          be                                   73             0.0017669968  6              0.0025676476  2              0.0011542013  0              0.0000000000
58          beautiful                            9              0.0002283873  0              0.0001975114  2              0.0011542013  0              0.0000000000
59          become                               11             0.0002764689  2              0.0009875568  0              0.0002308403  0              0.0000000000
60          been                                 13             0.0003245504  2              0.0009875568  0              0.0002308403  0              0.0000000000
61          before                               18             0.0004447543  0              0.0001975114  0              0.0002308403  0              0.0000000000
62          behind                               14             0.0003485912  1              0.0005925341  0              0.0002308403  0              0.0000000000
63          being                                16             0.0003966728  2              0.0009875568  0              0.0002308403  0              0.0000000000
64          best                                 31             0.0007572844  9              0.0037527158  1              0.0006925208  0              0.0000000000
65          beta                                 12             0.0003005097  1              0.0005925341  0              0.0002308403  0              0.0000000000
66          better                               26             0.0006370805  1              0.0005925341  3              0.0016158818  0              0.0000000000
67          between                              12             0.0003005097  0              0.0001975114  0              0.0002308403  0              0.0000000000
68          big                                  36             0.0008774882  1              0.0005925341  0              0.0002308403  0              0.0000000000
69          biggest                              11             0.0002764689  0              0.0001975114  0              0.0002308403  0              0.0000000000
70          bitcoin                              36             0.0008774882  3              0.0013825795  2              0.0011542013  0              0.0000000000
71          blockchain                           36             0.0008774882  0              0.0001975114  6              0.0030009234  0              0.0000000000
72          board                                9              0.0002283873  0              0.0001975114  2              0.0011542013  0              0.0000000000
73          book                                 12             0.0003005097  1              0.0005925341  3              0.0016158818  0              0.0000000000
74          books                                10             0.0002524281  2              0.0009875568  0              0.0002308403  0              0.0000000000
75          brain                                13             0.0003245504  0              0.0001975114  2              0.0011542013  0              0.0000000000
76          browser                              26             0.0006370805  0              0.0001975114  3              0.0016158818  0              0.0000000000
77          build                                43             0.0010457736  5              0.0021726249  2              0.0011542013  0              0.0000000000
78          building                             30             0.0007332436  1              0.0005925341  2              0.0011542013  0              0.0000000000
79          built                                18             0.0004447543  0              0.0001975114  2              0.0011542013  0              0.0000000000
80          business                             27             0.0006611213  4              0.0017776022  0              0.0002308403  0              0.0000000000
81          but                                  30             0.0007332436  2              0.0009875568  0              0.0002308403  0              0.0000000000
82          buy                                  12             0.0003005097  1              0.0005925341  0              0.0002308403  0              0.0000000000
83          by                                   106            0.0025603423  2              0.0009875568  3              0.0016158818  0              0.0000000000
84          c                                    25             0.0006130397  1              0.0005925341  3              0.0016158818  0              0.0000000000
85          california                           16             0.0003966728  0              0.0001975114  0              0.0002308403  0              0.0000000000
86          can                                  84             0.0020314453  14             0.0057278294  2              0.0011542013  0              0.0000000000
87          cant                                 8              0.0002043466  3              0.0013825795  0              0.0002308403  0              0.0000000000
88          car                                  15             0.0003726320  0              0.0001975114  1              0.0006925208  0              0.0000000000
89          cars                                 17             0.0004207135  0              0.0001975114  0              0.0002308403  0              0.0000000000
90          case                                 14             0.0003485912  0              0.0001975114  1              0.0006925208  0              0.0000000000
91          ceo                                  19             0.0004687951  0              0.0001975114  1              0.0006925208  0              0.0000000000
92          change                               24             0.0005889989  2              0.0009875568  0              0.0002308403  0              0.0000000000
93          chat                                 9              0.0002283873  0              0.0001975114  5              0.0025392428  0              0.0000000000
94          china                                38             0.0009255698  0              0.0001975114  0              0.0002308403  0              0.0000000000
95          chinas                               12             0.0003005097  0              0.0001975114  0              0.0002308403  0              0.0000000000
96          chinese                              19             0.0004687951  0              0.0001975114  0              0.0002308403  0              0.0000000000
97          chip                                 12             0.0003005097  0              0.0001975114  0              0.0002308403  0              0.0000000000
98          chrome                               24             0.0005889989  2              0.0009875568  1              0.0006925208  0              0.0000000000
99          city                                 14             0.0003485912  0              0.0001975114  0              0.0002308403  0              0.0000000000
100         clean                                8              0.0002043466  1              0.0005925341  2              0.0011542013  0              0.0000000000
101         climate                              16             0.0003966728  1              0.0005925341  1              0.0006925208  0              0.0000000000
102         cloud                                33             0.0008053659  0              0.0001975114  1              0.0006925208  0              0.0000000000
103         code                                 57             0.0013823445  5              0.0021726249  3              0.0016158818  0              0.0000000000
104         coding                               11             0.0002764689  0              0.0001975114  1              0.0006925208  0              0.0000000000
105         coming                               16             0.0003966728  0              0.0001975114  0              0.0002308403  0              0.0000000000
106         community                            12             0.0003005097  0              0.0001975114  0              0.0002308403  0              0.0000000000
107         companies                            21             0.0005168766  4              0.0017776022  0              0.0002308403  0              0.0000000000
108         company                              23             0.0005649582  4              0.0017776022  0              0.0002308403  0              0.0000000000
109         components                           11             0.0002764689  0              0.0001975114  1              0.0006925208  0              0.0000000000
110         computer                             19             0.0004687951  4              0.0017776022  0              0.0002308403  0              0.0000000000
111         computing                            16             0.0003966728  0              0.0001975114  0              0.0002308403  0              0.0000000000
112         content                              13             0.0003245504  0              0.0001975114  0              0.0002308403  0              0.0000000000
113         control                              16             0.0003966728  0              0.0001975114  0              0.0002308403  0              0.0000000000
114         core                                 12             0.0003005097  0              0.0001975114  0              0.0002308403  0              0.0000000000
115         cost                                 14             0.0003485912  1              0.0005925341  0              0.0002308403  0              0.0000000000
116         could                                40             0.0009736513  0              0.0001975114  1              0.0006925208  0              0.0000000000
117         court                                13             0.0003245504  0              0.0001975114  0              0.0002308403  0              0.0000000000
118         create                               18             0.0004447543  0              0.0001975114  1              0.0006925208  0              0.0000000000
119         creating                             10             0.0002524281  0              0.0001975114  1              0.0006925208  0              0.0000000000
120         crisis                               11             0.0002764689  0              0.0001975114  0              0.0002308403  0              0.0000000000
121         crypto                               27             0.0006611213  2              0.0009875568  6              0.0030009234  0              0.0000000000
122         cryptocurrency                       16             0.0003966728  0              0.0001975114  1              0.0006925208  0              0.0000000000
123         css                                  12             0.0003005097  1              0.0005925341  2              0.0011542013  0              0.0000000000
124         dark                                 9              0.0002283873  0              0.0001975114  2              0.0011542013  0              0.0000000000
125         data                                 106            0.0025603423  6              0.0025676476  6              0.0030009234  0              0.0000000000
126         database                             15             0.0003726320  2              0.0009875568  0              0.0002308403  0              0.0000000000
127         day                                  23             0.0005649582  2              0.0009875568  0              0.0002308403  0              0.0000000000
128         dead                                 13             0.0003245504  0              0.0001975114  0              0.0002308403  0              0.0000000000
129         decentralized                        7              0.0001803058  0              0.0001975114  4              0.0020775623  0              0.0000000000
130         deep                                 27             0.0006611213  0              0.0001975114  1              0.0006925208  0              0.0000000000
131         defense                              13             0.0003245504  0              0.0001975114  0              0.0002308403  0              0.0000000000
132         design                               27             0.0006611213  1              0.0005925341  1              0.0006925208  0              0.0000000000
133         desktop                              13             0.0003245504  1              0.0005925341  1              0.0006925208  0              0.0000000000
134         developer                            25             0.0006130397  3              0.0013825795  1              0.0006925208  0              0.0000000000
135         developers                           17             0.0004207135  1              0.0005925341  2              0.0011542013  0              0.0000000000
136         developing                           12             0.0003005097  0              0.0001975114  0              0.0002308403  0              0.0000000000
137         development                          26             0.0006370805  3              0.0013825795  1              0.0006925208  0              0.0000000000
138         devices                              13             0.0003245504  0              0.0001975114  0              0.0002308403  0              0.0000000000
139         did                                  9              0.0002283873  4              0.0017776022  0              0.0002308403  0              0.0000000000
140         digital                              26             0.0006370805  0              0.0001975114  3              0.0016158818  0              0.0000000000
141         distributed                          13             0.0003245504  1              0.0005925341  0              0.0002308403  0              0.0000000000
142         dna                                  16             0.0003966728  0              0.0001975114  0              0.0002308403  0              0.0000000000
143         do                                   53             0.0012861814  46             0.0183685562  1              0.0006925208  0              0.0000000000
144         docker                               9              0.0002283873  1              0.0005925341  1              0.0006925208  0              0.0000000000
145         does                                 30             0.0007332436  11             0.0045427612  0              0.0002308403  0              0.0000000000
146         doing                                9              0.0002283873  1              0.0005925341  1              0.0006925208  0              0.0000000000
147         dont                                 29             0.0007092028  2              0.0009875568  0              0.0002308403  0              0.0000000000
148         down                                 32             0.0007813251  0              0.0001975114  0              0.0002308403  0              0.0000000000
149         drug                                 10             0.0002524281  1              0.0005925341  0              0.0002308403  0              0.0000000000
150         economy                              10             0.0002524281  1              0.0005925341  0              0.0002308403  0              0.0000000000
151         electric                             12             0.0003005097  0              0.0001975114  0              0.0002308403  0              0.0000000000
152         elon                                 13             0.0003245504  0              0.0001975114  0              0.0002308403  0              0.0000000000
153         email                                8              0.0002043466  4              0.0017776022  5              0.0025392428  0              0.0000000000
154         employees                            11             0.0002764689  0              0.0001975114  0              0.0002308403  0              0.0000000000
155         end                                  17             0.0004207135  0              0.0001975114  0              0.0002308403  0              0.0000000000
156         engine                               12             0.0003005097  0              0.0001975114  0              0.0002308403  0              0.0000000000
157         engineer                             9              0.0002283873  3              0.0013825795  0              0.0002308403  0              0.0000000000
158         engineering                          19             0.0004687951  2              0.0009875568  0              0.0002308403  0              0.0000000000
159         enough                               12             0.0003005097  0              0.0001975114  1              0.0006925208  0              0.0000000000
160         ethereum                             18             0.0004447543  0              0.0001975114  3              0.0016158818  0              0.0000000000
161         ever                                 12             0.0003005097  1              0.0005925341  0              0.0002308403  0              0.0000000000
162         every                                18             0.0004447543  0              0.0001975114  0              0.0002308403  0              0.0000000000
163         everything                           14             0.0003485912  1              0.0005925341  0              0.0002308403  0              0.0000000000
164         experience                           11             0.0002764689  4              0.0017776022  0              0.0002308403  0              0.0000000000
165         experiment                           12             0.0003005097  0              0.0001975114  0              0.0002308403  0              0.0000000000
166         facebook                             80             0.0019352822  2              0.0009875568  0              0.0002308403  0              0.0000000000
167         fake                                 16             0.0003966728  0              0.0001975114  0              0.0002308403  0              0.0000000000
168         fast                                 22             0.0005409174  0              0.0001975114  1              0.0006925208  0              0.0000000000
169         feedback                             8              0.0002043466  1              0.0005925341  2              0.0011542013  0              0.0000000000
170         fight                                12             0.0003005097  0              0.0001975114  0              0.0002308403  0              0.0000000000
171         file                                 14             0.0003485912  0              0.0001975114  1              0.0006925208  0              0.0000000000
172         find                                 19             0.0004687951  7              0.0029626704  3              0.0016158818  0              0.0000000000
173         first                                58             0.0014063852  2              0.0009875568  1              0.0006925208  0              0.0000000000
174         for                                  542            0.0130421194  36             0.0144183291  44             0.0205447830  0              0.0000000000
175         found                                13             0.0003245504  1              0.0005925341  1              0.0006925208  0              0.0000000000
176         framework                            14             0.0003485912  0              0.0001975114  3              0.0016158818  0              0.0000000000
177         free                                 29             0.0007092028  2              0.0009875568  3              0.0016158818  0              0.0000000000
178         from                                 150            0.0036181364  10             0.0041477385  7              0.0034626039  0              0.0000000000
179         full                                 11             0.0002764689  0              0.0001975114  0              0.0002308403  0              0.0000000000
180         functions                            10             0.0002524281  0              0.0001975114  1              0.0006925208  0              0.0000000000
181         future                               37             0.0009015290  1              0.0005925341  0              0.0002308403  0              0.0000000000
182         game                                 36             0.0008774882  0              0.0001975114  5              0.0025392428  0              0.0000000000
183         games                                20             0.0004928358  1              0.0005925341  1              0.0006925208  0              0.0000000000
184         gdpr                                 14             0.0003485912  1              0.0005925341  1              0.0006925208  0              0.0000000000
185         get                                  32             0.0007813251  3              0.0013825795  5              0.0025392428  0              0.0000000000
186         gets                                 12             0.0003005097  0              0.0001975114  0              0.0002308403  0              0.0000000000
187         getting                              17             0.0004207135  1              0.0005925341  0              0.0002308403  0              0.0000000000
188         git                                  15             0.0003726320  0              0.0001975114  1              0.0006925208  0              0.0000000000
189         github                               15             0.0003726320  3              0.0013825795  6              0.0030009234  0              0.0000000000
190         global                               19             0.0004687951  0              0.0001975114  0              0.0002308403  0              0.0000000000
191         go                                   43             0.0010457736  1              0.0005925341  5              0.0025392428  0              0.0000000000
192         good                                 22             0.0005409174  9              0.0037527158  0              0.0002308403  0              0.0000000000
193         google                               79             0.0019112415  3              0.0013825795  1              0.0006925208  0              0.0000000000
194         googles                              17             0.0004207135  0              0.0001975114  0              0.0002308403  0              0.0000000000
195         got                                  17             0.0004207135  0              0.0001975114  0              0.0002308403  0              0.0000000000
196         great                                17             0.0004207135  1              0.0005925341  0              0.0002308403  0              0.0000000000
197         guide                                40             0.0009736513  0              0.0001975114  0              0.0002308403  0              0.0000000000
198         had                                  9              0.0002283873  2              0.0009875568  0              0.0002308403  0              0.0000000000
199         hard                                 14             0.0003485912  3              0.0013825795  0              0.0002308403  0              0.0000000000
200         hardware                             15             0.0003726320  1              0.0005925341  0              0.0002308403  0              0.0000000000
201         has                                  63             0.0015265891  4              0.0017776022  0              0.0002308403  0              0.0000000000
202         have                                 37             0.0009015290  9              0.0037527158  0              0.0002308403  0              0.0000000000
203         he                                   14             0.0003485912  0              0.0001975114  0              0.0002308403  0              0.0000000000
204         health                               16             0.0003966728  2              0.0009875568  0              0.0002308403  0              0.0000000000
205         help                                 32             0.0007813251  4              0.0017776022  3              0.0016158818  0              0.0000000000
206         here                                 13             0.0003245504  1              0.0005925341  0              0.0002308403  0              0.0000000000
207         heres                                20             0.0004928358  0              0.0001975114  0              0.0002308403  0              0.0000000000
208         high                                 18             0.0004447543  0              0.0001975114  0              0.0002308403  0              0.0000000000
209         his                                  16             0.0003966728  1              0.0005925341  0              0.0002308403  0              0.0000000000
210         history                              22             0.0005409174  0              0.0001975114  0              0.0002308403  0              0.0000000000
211         home                                 18             0.0004447543  2              0.0009875568  0              0.0002308403  0              0.0000000000
212         how                                  311            0.0074887008  61             0.0242938969  2              0.0011542013  0              0.0000000000
213         human                                18             0.0004447543  0              0.0001975114  0              0.0002308403  0              0.0000000000
214         i                                    65             0.0015746706  18             0.0073079202  8              0.0039242844  0              0.0000000000
215         ideas                                12             0.0003005097  1              0.0005925341  0              0.0002308403  0              0.0000000000
216         if                                   26             0.0006370805  4              0.0017776022  0              0.0002308403  0              0.0000000000
217         image                                9              0.0002283873  0              0.0001975114  3              0.0016158818  0              0.0000000000
218         images                               15             0.0003726320  0              0.0001975114  1              0.0006925208  0              0.0000000000
219         in                                   643            0.0154702375  21             0.0084929883  25             0.0117728532  0              0.0000000000
220         industry                             11             0.0002764689  1              0.0005925341  0              0.0002308403  0              0.0000000000
221         information                          13             0.0003245504  1              0.0005925341  0              0.0002308403  0              0.0000000000
222         inside                               18             0.0004447543  0              0.0001975114  0              0.0002308403  0              0.0000000000
223         intel                                16             0.0003966728  0              0.0001975114  0              0.0002308403  0              0.0000000000
224         intelligence                         25             0.0006130397  0              0.0001975114  1              0.0006925208  0              0.0000000000
225         interactive                          13             0.0003245504  0              0.0001975114  2              0.0011542013  0              0.0000000000
226         internet                             36             0.0008774882  1              0.0005925341  0              0.0002308403  0              0.0000000000
227         interview                            10             0.0002524281  2              0.0009875568  0              0.0002308403  0              0.0000000000
228         into                                 52             0.0012621406  2              0.0009875568  3              0.0016158818  0              0.0000000000
229         introducing                          16             0.0003966728  0              0.0001975114  2              0.0011542013  0              0.0000000000
230         ios                                  14             0.0003485912  0              0.0001975114  3              0.0016158818  0              0.0000000000
231         iphone                               19             0.0004687951  0              0.0001975114  0              0.0002308403  0              0.0000000000
232         is                                   348            0.0083782094  26             0.0104681019  3              0.0016158818  0              0.0000000000
233         isnt                                 18             0.0004447543  0              0.0001975114  0              0.0002308403  0              0.0000000000
234         issue                                11             0.0002764689  0              0.0001975114  0              0.0002308403  0              0.0000000000
235         it                                   103            0.0024882200  12             0.0049377839  0              0.0002308403  0              0.0000000000
236         its                                  93             0.0022478123  1              0.0005925341  0              0.0002308403  0              0.0000000000
237         java                                 10             0.0002524281  1              0.0005925341  2              0.0011542013  0              0.0000000000
238         javascript                           38             0.0009255698  0              0.0001975114  8              0.0039242844  0              0.0000000000
239         job                                  13             0.0003245504  4              0.0017776022  1              0.0006925208  0              0.0000000000
240         jobs                                 15             0.0003726320  3              0.0013825795  1              0.0006925208  0              0.0000000000
241         js                                   9              0.0002283873  1              0.0005925341  2              0.0011542013  0              0.0000000000
242         json                                 11             0.0002764689  0              0.0001975114  0              0.0002308403  0              0.0000000000
243         just                                 28             0.0006851620  1              0.0005925341  1              0.0006925208  0              0.0000000000
244         kill                                 12             0.0003005097  0              0.0001975114  0              0.0002308403  0              0.0000000000
245         know                                 25             0.0006130397  4              0.0017776022  0              0.0002308403  0              0.0000000000
246         kubernetes                           22             0.0005409174  1              0.0005925341  1              0.0006925208  0              0.0000000000
247         language                             30             0.0007332436  3              0.0013825795  0              0.0002308403  0              0.0000000000
248         last                                 14             0.0003485912  0              0.0001975114  0              0.0002308403  0              0.0000000000
249         launch                               13             0.0003245504  0              0.0001975114  0              0.0002308403  0              0.0000000000
250         launches                             22             0.0005409174  0              0.0001975114  0              0.0002308403  0              0.0000000000
251         law                                  21             0.0005168766  0              0.0001975114  1              0.0006925208  0              0.0000000000
252         learn                                22             0.0005409174  4              0.0017776022  1              0.0006925208  0              0.0000000000
253         learned                              11             0.0002764689  0              0.0001975114  1              0.0006925208  0              0.0000000000
254         learning                             65             0.0015746706  6              0.0025676476  3              0.0016158818  0              0.0000000000
255         less                                 11             0.0002764689  0              0.0001975114  1              0.0006925208  0              0.0000000000
256         lets                                 11             0.0002764689  0              0.0001975114  1              0.0006925208  0              0.0000000000
257         library                              17             0.0004207135  1              0.0005925341  9              0.0043859649  0              0.0000000000
258         life                                 29             0.0007092028  0              0.0001975114  0              0.0002308403  0              0.0000000000
259         like                                 34             0.0008294067  6              0.0025676476  2              0.0011542013  0              0.0000000000
260         linux                                30             0.0007332436  2              0.0009875568  1              0.0006925208  0              0.0000000000
261         list                                 20             0.0004928358  0              0.0001975114  1              0.0006925208  0              0.0000000000
262         live                                 13             0.0003245504  0              0.0001975114  1              0.0006925208  0              0.0000000000
263         long                                 17             0.0004207135  1              0.0005925341  0              0.0002308403  0              0.0000000000
264         look                                 19             0.0004687951  1              0.0005925341  1              0.0006925208  0              0.0000000000
265         looking                              9              0.0002283873  1              0.0005925341  1              0.0006925208  0              0.0000000000
266         love                                 14             0.0003485912  0              0.0001975114  1              0.0006925208  0              0.0000000000
267         machine                              46             0.0011178960  4              0.0017776022  2              0.0011542013  0              0.0000000000
268         macos                                10             0.0002524281  0              0.0001975114  3              0.0016158818  0              0.0000000000
269         made                                 15             0.0003726320  1              0.0005925341  6              0.0030009234  0              0.0000000000
270         magic                                13             0.0003245504  0              0.0001975114  1              0.0006925208  0              0.0000000000
271         make                                 40             0.0009736513  2              0.0009875568  2              0.0011542013  0              0.0000000000
272         making                               22             0.0005409174  2              0.0009875568  0              0.0002308403  0              0.0000000000
273         man                                  17             0.0004207135  0              0.0001975114  0              0.0002308403  0              0.0000000000
274         management                           20             0.0004928358  2              0.0009875568  2              0.0011542013  0              0.0000000000
275         manager                              12             0.0003005097  2              0.0009875568  1              0.0006925208  0              0.0000000000
276         many                                 16             0.0003966728  1              0.0005925341  0              0.0002308403  0              0.0000000000
277         market                               16             0.0003966728  1              0.0005925341  1              0.0006925208  0              0.0000000000
278         marketing                            10             0.0002524281  0              0.0001975114  1              0.0006925208  0              0.0000000000
279         mars                                 18             0.0004447543  0              0.0001975114  0              0.0002308403  0              0.0000000000
280         math                                 8              0.0002043466  1              0.0005925341  2              0.0011542013  0              0.0000000000
281         may                                  31             0.0007572844  0              0.0001975114  1              0.0006925208  0              0.0000000000
282         me                                   10             0.0002524281  3              0.0013825795  0              0.0002308403  0              0.0000000000
283         media                                18             0.0004447543  0              0.0001975114  1              0.0006925208  0              0.0000000000
284         meet                                 11             0.0002764689  0              0.0001975114  0              0.0002308403  0              0.0000000000
285         microsoft                            30             0.0007332436  0              0.0001975114  0              0.0002308403  0              0.0000000000
286         mission                              11             0.0002764689  0              0.0001975114  0              0.0002308403  0              0.0000000000
287         mobile                               21             0.0005168766  1              0.0005925341  0              0.0002308403  0              0.0000000000
288         model                                22             0.0005409174  1              0.0005925341  1              0.0006925208  0              0.0000000000
289         modern                               11             0.0002764689  1              0.0005925341  2              0.0011542013  0              0.0000000000
290         money                                13             0.0003245504  1              0.0005925341  2              0.0011542013  0              0.0000000000
291         monitoring                           9              0.0002283873  0              0.0001975114  2              0.0011542013  0              0.0000000000
292         more                                 60             0.0014544668  2              0.0009875568  0              0.0002308403  0              0.0000000000
293         most                                 32             0.0007813251  4              0.0017776022  0              0.0002308403  0              0.0000000000
294         much                                 21             0.0005168766  3              0.0013825795  0              0.0002308403  0              0.0000000000
295         music                                10             0.0002524281  1              0.0005925341  1              0.0006925208  0              0.0000000000
296         musk                                 11             0.0002764689  1              0.0005925341  0              0.0002308403  0              0.0000000000
297         my                                   39             0.0009496105  10             0.0041477385  5              0.0025392428  0              0.0000000000
298         nasa                                 13             0.0003245504  0              0.0001975114  0              0.0002308403  0              0.0000000000
299         need                                 17             0.0004207135  4              0.0017776022  2              0.0011542013  0              0.0000000000
300         needs                                11             0.0002764689  0              0.0001975114  0              0.0002308403  0              0.0000000000
301         net                                  16             0.0003966728  0              0.0001975114  0              0.0002308403  0              0.0000000000
302         network                              36             0.0008774882  1              0.0005925341  2              0.0011542013  0              0.0000000000
303         networks                             15             0.0003726320  0              0.0001975114  0              0.0002308403  0              0.0000000000
304         neural                               17             0.0004207135  0              0.0001975114  0              0.0002308403  0              0.0000000000
305         never                                12             0.0003005097  2              0.0009875568  0              0.0002308403  0              0.0000000000
306         new                                  185            0.0044595634  4              0.0017776022  5              0.0025392428  0              0.0000000000
307         news                                 24             0.0005889989  1              0.0005925341  0              0.0002308403  0              0.0000000000
308         next                                 20             0.0004928358  1              0.0005925341  0              0.0002308403  0              0.0000000000
309         no                                   37             0.0009015290  1              0.0005925341  1              0.0006925208  0              0.0000000000
310         nodejs                               13             0.0003245504  0              0.0001975114  1              0.0006925208  0              0.0000000000
311         not                                  76             0.0018391191  6              0.0025676476  0              0.0002308403  0              0.0000000000
312         now                                  41             0.0009976921  1              0.0005925341  0              0.0002308403  0              0.0000000000
313         of                                   715            0.0172011732  21             0.0084929883  18             0.0085410896  0              0.0000000000
314         off                                  16             0.0003966728  1              0.0005925341  0              0.0002308403  0              0.0000000000
315         office                               11             0.0002764689  0              0.0001975114  0              0.0002308403  0              0.0000000000
316         old                                  13             0.0003245504  2              0.0009875568  1              0.0006925208  0              0.0000000000
317         on                                   305            0.0073444562  19             0.0077029429  14             0.0066943675  0              0.0000000000
318         one                                  53             0.0012861814  3              0.0013825795  0              0.0002308403  0              0.0000000000
319         online                               38             0.0009255698  1              0.0005925341  3              0.0016158818  0              0.0000000000
320         only                                 18             0.0004447543  1              0.0005925341  0              0.0002308403  0              0.0000000000
321         open                                 45             0.0010938552  1              0.0005925341  4              0.0020775623  0              0.0000000000
322         or                                   30             0.0007332436  10             0.0041477385  3              0.0016158818  0              0.0000000000
323         os                                   12             0.0003005097  1              0.0005925341  2              0.0011542013  0              0.0000000000
324         other                                16             0.0003966728  1              0.0005925341  0              0.0002308403  0              0.0000000000
325         our                                  31             0.0007572844  0              0.0001975114  0              0.0002308403  0              0.0000000000
326         out                                  47             0.0011419367  2              0.0009875568  0              0.0002308403  0              0.0000000000
327         over                                 44             0.0010698144  0              0.0001975114  3              0.0016158818  0              0.0000000000
328         own                                  21             0.0005168766  1              0.0005925341  0              0.0002308403  0              0.0000000000
329         page                                 8              0.0002043466  2              0.0009875568  3              0.0016158818  0              0.0000000000
330         part                                 28             0.0006851620  0              0.0001975114  0              0.0002308403  0              0.0000000000
331         pay                                  11             0.0002764689  1              0.0005925341  0              0.0002308403  0              0.0000000000
332         pdf                                  65             0.0015746706  0              0.0001975114  1              0.0006925208  0              0.0000000000
333         people                               38             0.0009255698  4              0.0017776022  1              0.0006925208  0              0.0000000000
334         performance                          18             0.0004447543  1              0.0005925341  1              0.0006925208  0              0.0000000000
335         personal                             9              0.0002283873  2              0.0009875568  0              0.0002308403  0              0.0000000000
336         phone                                12             0.0003005097  0              0.0001975114  0              0.0002308403  0              0.0000000000
337         php                                  11             0.0002764689  0              0.0001975114  2              0.0011542013  0              0.0000000000
338         physics                              12             0.0003005097  1              0.0005925341  0              0.0002308403  0              0.0000000000
339         plan                                 15             0.0003726320  1              0.0005925341  1              0.0006925208  0              0.0000000000
340         plans                                12             0.0003005097  0              0.0001975114  0              0.0002308403  0              0.0000000000
341         platform                             21             0.0005168766  1              0.0005925341  2              0.0011542013  0              0.0000000000
342         police                               12             0.0003005097  0              0.0001975114  0              0.0002308403  0              0.0000000000
343         power                                15             0.0003726320  0              0.0001975114  0              0.0002308403  0              0.0000000000
344         price                                12             0.0003005097  0              0.0001975114  1              0.0006925208  0              0.0000000000
345         privacy                              23             0.0005649582  0              0.0001975114  0              0.0002308403  0              0.0000000000
346         private                              17             0.0004207135  0              0.0001975114  2              0.0011542013  0              0.0000000000
347         problem                              14             0.0003485912  3              0.0013825795  0              0.0002308403  0              0.0000000000
348         problems                             12             0.0003005097  0              0.0001975114  0              0.0002308403  0              0.0000000000
349         product                              22             0.0005409174  2              0.0009875568  1              0.0006925208  0              0.0000000000
350         production                           11             0.0002764689  2              0.0009875568  0              0.0002308403  0              0.0000000000
351         programming                          39             0.0009496105  4              0.0017776022  2              0.0011542013  0              0.0000000000
352         project                              40             0.0009736513  4              0.0017776022  4              0.0020775623  0              0.0000000000
353         projects                             14             0.0003485912  2              0.0009875568  0              0.0002308403  0              0.0000000000
354         public                               13             0.0003245504  0              0.0001975114  0              0.0002308403  0              0.0000000000
355         python                               32             0.0007813251  3              0.0013825795  6              0.0030009234  0              0.0000000000
356         quantum                              27             0.0006611213  0              0.0001975114  0              0.0002308403  0              0.0000000000
357         questions                            11             0.0002764689  2              0.0009875568  0              0.0002308403  0              0.0000000000
358         react                                20             0.0004928358  0              0.0001975114  3              0.0016158818  0              0.0000000000
359         read                                 12             0.0003005097  1              0.0005925341  0              0.0002308403  0              0.0000000000
360         real                                 27             0.0006611213  0              0.0001975114  3              0.0016158818  0              0.0000000000
361         really                               24             0.0005889989  2              0.0009875568  0              0.0002308403  0              0.0000000000
362         release                              16             0.0003966728  0              0.0001975114  0              0.0002308403  0              0.0000000000
363         released                             23             0.0005649582  0              0.0001975114  1              0.0006925208  0              0.0000000000
364         remote                               7              0.0001803058  3              0.0013825795  3              0.0016158818  0              0.0000000000
365         report                               25             0.0006130397  0              0.0001975114  0              0.0002308403  0              0.0000000000
366         research                             17             0.0004207135  1              0.0005925341  0              0.0002308403  0              0.0000000000
367         review                               25             0.0006130397  0              0.0001975114  0              0.0002308403  0              0.0000000000
368         right                                16             0.0003966728  0              0.0001975114  0              0.0002308403  0              0.0000000000
369         robot                                16             0.0003966728  0              0.0001975114  0              0.0002308403  0              0.0000000000
370         rocket                               12             0.0003005097  0              0.0001975114  1              0.0006925208  0              0.0000000000
371         ruby                                 12             0.0003005097  0              0.0001975114  1              0.0006925208  0              0.0000000000
372         rules                                15             0.0003726320  0              0.0001975114  0              0.0002308403  0              0.0000000000
373         run                                  15             0.0003726320  3              0.0013825795  1              0.0006925208  0              0.0000000000
374         running                              12             0.0003005097  0              0.0001975114  0              0.0002308403  0              0.0000000000
375         russia                               13             0.0003245504  0              0.0001975114  0              0.0002308403  0              0.0000000000
376         rust                                 17             0.0004207135  0              0.0001975114  0              0.0002308403  0              0.0000000000
377         saas                                 9              0.0002283873  2              0.0009875568  1              0.0006925208  0              0.0000000000
378         save                                 11             0.0002764689  0              0.0001975114  0              0.0002308403  0              0.0000000000
379         say                                  12             0.0003005097  0              0.0001975114  0              0.0002308403  0              0.0000000000
380         says                                 41             0.0009976921  0              0.0001975114  0              0.0002308403  0              0.0000000000
381         science                              32             0.0007813251  4              0.0017776022  0              0.0002308403  0              0.0000000000
382         scientists                           17             0.0004207135  0              0.0001975114  0              0.0002308403  0              0.0000000000
383         search                               18             0.0004447543  3              0.0013825795  2              0.0011542013  0              0.0000000000
384         security                             42             0.0010217329  0              0.0001975114  1              0.0006925208  0              0.0000000000
385         see                                  10             0.0002524281  0              0.0001975114  1              0.0006925208  0              0.0000000000
386         self-driving                         16             0.0003966728  0              0.0001975114  0              0.0002308403  0              0.0000000000
387         server                               12             0.0003005097  0              0.0001975114  2              0.0011542013  0              0.0000000000
388         serverless                           14             0.0003485912  0              0.0001975114  0              0.0002308403  0              0.0000000000
389         service                              24             0.0005889989  0              0.0001975114  2              0.0011542013  0              0.0000000000
390         services                             14             0.0003485912  0              0.0001975114  0              0.0002308403  0              0.0000000000
391         set                                  13             0.0003245504  0              0.0001975114  0              0.0002308403  0              0.0000000000
392         share                                10             0.0002524281  1              0.0005925341  1              0.0006925208  0              0.0000000000
393         should                               33             0.0008053659  7              0.0029626704  0              0.0002308403  0              0.0000000000
394         show-hn                              0              0.0000120204  0              0.0001975114  206            0.0953370268  0              0.0000000000
395         side                                 13             0.0003245504  0              0.0001975114  2              0.0011542013  0              0.0000000000
396         silicon                              19             0.0004687951  0              0.0001975114  0              0.0002308403  0              0.0000000000
397         simple                               17             0.0004207135  2              0.0009875568  8              0.0039242844  0              0.0000000000
398         site                                 8              0.0002043466  1              0.0005925341  2              0.0011542013  0              0.0000000000
399         small                                9              0.0002283873  2              0.0009875568  1              0.0006925208  0              0.0000000000
400         smart                                21             0.0005168766  0              0.0001975114  1              0.0006925208  0              0.0000000000
401         so                                   29             0.0007092028  2              0.0009875568  0              0.0002308403  0              0.0000000000
402         social                               24             0.0005889989  0              0.0001975114  3              0.0016158818  0              0.0000000000
403         software                             41             0.0009976921  13             0.0053328066  2              0.0011542013  0              0.0000000000
404         solution                             11             0.0002764689  0              0.0001975114  0              0.0002308403  0              0.0000000000
405         some                                 14             0.0003485912  1              0.0005925341  0              0.0002308403  0              0.0000000000
406         source                               37             0.0009015290  2              0.0009875568  4              0.0020775623  0              0.0000000000
407         space                                29             0.0007092028  0              0.0001975114  0              0.0002308403  0              0.0000000000
408         stack                                14             0.0003485912  0              0.0001975114  0              0.0002308403  0              0.0000000000
409         start                                11             0.0002764689  0              0.0001975114  1              0.0006925208  0              0.0000000000
410         startup                              50             0.0012140590  4              0.0017776022  0              0.0002308403  0              0.0000000000
411         startups                             18             0.0004447543  4              0.0017776022  1              0.0006925208  0              0.0000000000
412         state                                17             0.0004207135  1              0.0005925341  0              0.0002308403  0              0.0000000000
413         still                                24             0.0005889989  3              0.0013825795  0              0.0002308403  0              0.0000000000
414         stop                                 11             0.0002764689  0              0.0001975114  1              0.0006925208  0              0.0000000000
415         store                                14             0.0003485912  1              0.0005925341  0              0.0002308403  0              0.0000000000
416         story                                17             0.0004207135  0              0.0001975114  0              0.0002308403  0              0.0000000000
417         study                                17             0.0004207135  1              0.0005925341  0              0.0002308403  0              0.0000000000
418         support                              16             0.0003966728  0              0.0001975114  1              0.0006925208  0              0.0000000000
419         system                               44             0.0010698144  2              0.0009875568  1              0.0006925208  0              0.0000000000
420         systems                              14             0.0003485912  1              0.0005925341  0              0.0002308403  0              0.0000000000
421         take                                 16             0.0003966728  1              0.0005925341  0              0.0002308403  0              0.0000000000
422         takes                                13             0.0003245504  0              0.0001975114  0              0.0002308403  0              0.0000000000
423         taking                               11             0.0002764689  0              0.0001975114  2              0.0011542013  0              0.0000000000
424         talk                                 12             0.0003005097  1              0.0005925341  0              0.0002308403  0              0.0000000000
425         team                                 17             0.0004207135  2              0.0009875568  1              0.0006925208  0              0.0000000000
426         tech                                 63             0.0015265891  6              0.0025676476  1              0.0006925208  0              0.0000000000
427         technical                            9              0.0002283873  2              0.0009875568  0              0.0002308403  0              0.0000000000
428         technology                           24             0.0005889989  1              0.0005925341  0              0.0002308403  0              0.0000000000
429         tensorflow                           11             0.0002764689  0              0.0001975114  0              0.0002308403  0              0.0000000000
430         terminal                             9              0.0002283873  0              0.0001975114  2              0.0011542013  0              0.0000000000
431         tesla                                27             0.0006611213  0              0.0001975114  0              0.0002308403  0              0.0000000000
432         test                                 26             0.0006370805  2              0.0009875568  1              0.0006925208  0              0.0000000000
433         testing                              15             0.0003726320  0              0.0001975114  2              0.0011542013  0              0.0000000000
434         tests                                13             0.0003245504  0              0.0001975114  0              0.0002308403  0              0.0000000000
435         text                                 8              0.0002043466  1              0.0005925341  3              0.0016158818  0              0.0000000000
436         than                                 40             0.0009736513  1              0.0005925341  1              0.0006925208  0              0.0000000000
437         that                                 85             0.0020554861  9              0.0037527158  6              0.0030009234  0              0.0000000000
438         the                                  1168           0.0280916434  26             0.0104681019  26             0.0122345337  0              0.0000000000
439         their                                27             0.0006611213  2              0.0009875568  0              0.0002308403  0              0.0000000000
440         them                                 15             0.0003726320  1              0.0005925341  0              0.0002308403  0              0.0000000000
441         there                                10             0.0002524281  9              0.0037527158  0              0.0002308403  0              0.0000000000
442         they                                 27             0.0006611213  1              0.0005925341  0              0.0002308403  0              0.0000000000
443         things                               20             0.0004928358  1              0.0005925341  0              0.0002308403  0              0.0000000000
444         think                                14             0.0003485912  1              0.0005925341  0              0.0002308403  0              0.0000000000
445         this                                 41             0.0009976921  3              0.0013825795  1              0.0006925208  0              0.0000000000
446         through                              17             0.0004207135  0              0.0001975114  0              0.0002308403  0              0.0000000000
447         time                                 52             0.0012621406  5              0.0021726249  2              0.0011542013  0              0.0000000000
448         times                                14             0.0003485912  0              0.0001975114  0              0.0002308403  0              0.0000000000
449         tiny                                 9              0.0002283873  1              0.0005925341  1              0.0006925208  0              0.0000000000
450         to                                   883            0.0212400231  65             0.0258739878  34             0.0159279778  0              0.0000000000
451         today                                10             0.0002524281  1              0.0005925341  0              0.0002308403  0              0.0000000000
452         too                                  14             0.0003485912  1              0.0005925341  0              0.0002308403  0              0.0000000000
453         tool                                 18             0.0004447543  1              0.0005925341  6              0.0030009234  0              0.0000000000
454         tools                                12             0.0003005097  1              0.0005925341  1              0.0006925208  0              0.0000000000
455         top                                  23             0.0005649582  1              0.0005925341  1              0.0006925208  0              0.0000000000
456         tracking                             12             0.0003005097  1              0.0005925341  0              0.0002308403  0              0.0000000000
457         trade                                11             0.0002764689  1              0.0005925341  1              0.0006925208  0              0.0000000000
458         trading                              11             0.0002764689  0              0.0001975114  0              0.0002308403  0              0.0000000000
459         travel                               8              0.0002043466  0              0.0001975114  3              0.0016158818  0              0.0000000000
460         trump                                12             0.0003005097  0              0.0001975114  0              0.0002308403  0              0.0000000000
461         twitter                              17             0.0004207135  0              0.0001975114  2              0.0011542013  0              0.0000000000
462         two                                  12             0.0003005097  0              0.0001975114  1              0.0006925208  0              0.0000000000
463         uber                                 15             0.0003726320  0              0.0001975114  0              0.0002308403  0              0.0000000000
464         ui                                   9              0.0002283873  0              0.0001975114  2              0.0011542013  0              0.0000000000
465         under                                13             0.0003245504  0              0.0001975114  0              0.0002308403  0              0.0000000000
466         understanding                        14             0.0003485912  0              0.0001975114  0              0.0002308403  0              0.0000000000
467         up                                   55             0.0013342629  0              0.0001975114  1              0.0006925208  0              0.0000000000
468         update                               13             0.0003245504  0              0.0001975114  0              0.0002308403  0              0.0000000000
469         us                                   72             0.0017429561  2              0.0009875568  0              0.0002308403  0              0.0000000000
470         use                                  58             0.0014063852  11             0.0045427612  4              0.0020775623  0              0.0000000000
471         used                                 17             0.0004207135  3              0.0013825795  0              0.0002308403  0              0.0000000000
472         user                                 14             0.0003485912  2              0.0009875568  0              0.0002308403  0              0.0000000000
473         users                                28             0.0006851620  1              0.0005925341  0              0.0002308403  0              0.0000000000
474         uses                                 10             0.0002524281  1              0.0005925341  0              0.0002308403  0              0.0000000000
475         using                                80             0.0019352822  3              0.0013825795  7              0.0034626039  0              0.0000000000
476         valley                               13             0.0003245504  0              0.0001975114  0              0.0002308403  0              0.0000000000
477         video                                58             0.0014063852  1              0.0005925341  0              0.0002308403  0              0.0000000000
478         visual                               13             0.0003245504  1              0.0005925341  2              0.0011542013  0              0.0000000000
479         vs                                   29             0.0007092028  5              0.0021726249  1              0.0006925208  0              0.0000000000
480         want                                 10             0.0002524281  1              0.0005925341  0              0.0002308403  0              0.0000000000
481         wants                                12             0.0003005097  1              0.0005925341  0              0.0002308403  0              0.0000000000
482         war                                  17             0.0004207135  0              0.0001975114  0              0.0002308403  0              0.0000000000
483         was                                  29             0.0007092028  2              0.0009875568  0              0.0002308403  0              0.0000000000
484         watch                                10             0.0002524281  1              0.0005925341  1              0.0006925208  0              0.0000000000
485         water                                12             0.0003005097  0              0.0001975114  0              0.0002308403  0              0.0000000000
486         way                                  38             0.0009255698  4              0.0017776022  3              0.0016158818  0              0.0000000000
487         we                                   62             0.0015025483  2              0.0009875568  0              0.0002308403  0              0.0000000000
488         web                                  48             0.0011659775  4              0.0017776022  5              0.0025392428  0              0.0000000000
489         website                              11             0.0002764689  4              0.0017776022  3              0.0016158818  0              0.0000000000
490         were                                 18             0.0004447543  0              0.0001975114  0              0.0002308403  0              0.0000000000
491         what                                 103            0.0024882200  44             0.0175785108  0              0.0002308403  0              0.0000000000
492         whats                                15             0.0003726320  7              0.0029626704  0              0.0002308403  0              0.0000000000
493         when                                 49             0.0011900183  10             0.0041477385  0              0.0002308403  0              0.0000000000
494         where                                16             0.0003966728  1              0.0005925341  1              0.0006925208  0              0.0000000000
495         which                                12             0.0003005097  8              0.0033576931  1              0.0006925208  0              0.0000000000
496         who                                  45             0.0010938552  3              0.0013825795  1              0.0006925208  0              0.0000000000
497         why                                  144            0.0034738917  15             0.0061228521  0              0.0002308403  0              0.0000000000
498         will                                 69             0.0016708337  2              0.0009875568  1              0.0006925208  0              0.0000000000
499         windows                              28             0.0006851620  0              0.0001975114  1              0.0006925208  0              0.0000000000
500         with                                 309            0.0074406193  13             0.0053328066  23             0.0108494922  0              0.0000000000
501         without                              39             0.0009496105  2              0.0009875568  3              0.0016158818  0              0.0000000000
502         women                                11             0.0002764689  0              0.0001975114  0              0.0002308403  0              0.0000000000
503         wont                                 12             0.0003005097  0              0.0001975114  0              0.0002308403  0              0.0000000000
504         work                                 39             0.0009496105  7              0.0029626704  3              0.0016158818  0              0.0000000000
505         workers                              13             0.0003245504  1              0.0005925341  0              0.0002308403  0              0.0000000000
506         working                              15             0.0003726320  1              0.0005925341  0              0.0002308403  0              0.0000000000
507         works                                11             0.0002764689  0              0.0001975114  0              0.0002308403  0              0.0000000000
508         world                                44             0.0010698144  0              0.0001975114  1              0.0006925208  0              0.0000000000
509         worlds                               14             0.0003485912  0              0.0001975114  0              0.0002308403  0              0.0000000000
510         would                                8              0.0002043466  9              0.0037527158  0              0.0002308403  0              0.0000000000
511         write                                12             0.0003005097  1              0.0005925341  1              0.0006925208  0              0.0000000000
512         writing                              10             0.0002524281  2              0.0009875568  0              0.0002308403  0              0.0000000000
513         written                              8              0.0002043466  0              0.0001975114  3              0.0016158818  0              0.0000000000
514         wrong                                15             0.0003726320  0              0.0001975114  0              0.0002308403  0              0.0000000000
515         x                                    10             0.0002524281  1              0.0005925341  0              0.0002308403  0              0.0000000000
516         yc                                   14             0.0003485912  0              0.0001975114  0              0.0002308403  0              0.0000000000
517         year                                 27             0.0006611213  0              0.0001975114  1              0.0006925208  0              0.0000000000
518         years                                34             0.0008294067  1              0.0005925341  0              0.0002308403  0              0.0000000000
519         you                                  160            0.0038585441  51             0.0203436698  5              0.0025392428  0              0.0000000000
520         your                                 170            0.0040989518  26             0.0104681019  17             0.0080794090  0              0.0000000000
521         youre                                13             0.0003245504  0              0.0001975114  0              0.0002308403  0              0.0000000000
522         youtube                              17             0.0004207135  1              0.0005925341  0              0.0002308403  0              0.0000000000
