1           1                                    19             0.0004687951  2              0.0009875568  1              0.0006925208  0              0.0000000000
2           10                                   24             0.0005889989  0              0.0001975114  3              0.0016158818  0              0.0000000000
3           2                                    26             0.0006370805  0              0.0001975114  0              0.0002308403  0              0.0000000000
4           2013                                 16             0.0003966728  0              0.0001975114  0              0.0002308403  0              0.0000000000
5           2014                                 16             0.0003966728  0              0.0001975114  0              0.0002308403  0              0.0000000000
6           2015                                 18             0.0004447543  0              0.0001975114  0              0.0002308403  0              0.0000000000
7           2016                                 30             0.0007332436  0              0.0001975114  0              0.0002308403  0              0.0000000000
8           2017                                 39             0.0009496105  0              0.0001975114  0              0.0002308403  0              0.0000000000
9           2018                                 75             0.0018150784  0              0.0001975114  1              0.0006925208  0              0.0000000000
10          3                                    27             0.0006611213  1              0.0005925341  1              0.0006925208  0              0.0000000000
11          4                                    16             0.0003966728  0              0.0001975114  1              0.0006925208  0              0.0000000000
12          a                                    736            0.0177060294  49             0.0195536243  52             0.0242382271  0              0.0000000000
13          about                                79             0.0019112415  8              0.0033576931  3              0.0016158818  0              0.0000000000
14          access                               14             0.0003485912  1              0.0005925341  2              0.0011542013  0              0.0000000000
15          after                                44             0.0010698144  0              0.0001975114  0              0.0002308403  0              0.0000000000
16          against                              23             0.0005649582  0              0.0001975114  0              0.0002308403  0              0.0000000000
17          ai                                   75             0.0018150784  1              0.0005925341  1              0.0006925208  0              0.0000000000
18          all                                  44             0.0010698144  3              0.0013825795  1              0.0006925208  0              0.0000000000
19          amazon                               54             0.0013102221  0              0.0001975114  0              0.0002308403  0              0.0000000000
20          an                                   149            0.0035940956  2              0.0009875568  4              0.0020775623  0              0.0000000000
21          analysis                             17             0.0004207135  1              0.0005925341  1              0.0006925208  0              0.0000000000
22          analytics                            15             0.0003726320  0              0.0001975114  1              0.0006925208  0              0.0000000000
23          and                                  600            0.0144364843  15             0.0061228521  38             0.0177746999  0              0.0000000000
24          android                              30             0.0007332436  0              0.0001975114  2              0.0011542013  0              0.0000000000
25          any                                  19             0.0004687951  9              0.0037527158  3              0.0016158818  0              0.0000000000
26          api                                  21             0.0005168766  2              0.0009875568  3              0.0016158818  0              0.0000000000
27          app                                  55             0.0013342629  2              0.0009875568  3              0.0016158818  0              0.0000000000
28          apple                                45             0.0010938552  0              0.0001975114  0              0.0002308403  0              0.0000000000
29          apps                                 12             0.0003005097  2              0.0009875568  3              0.0016158818  0              0.0000000000
30          are                                  144            0.0034738917  26             0.0104681019  1              0.0006925208  0              0.0000000000
31          art                                  18             0.0004447543  1              0.0005925341  0              0.0002308403  0              0.0000000000
32          artificial                           19             0.0004687951  0              0.0001975114  0              0.0002308403  0              0.0000000000
33          as                                   85             0.0020554861  8              0.0033576931  2              0.0011542013  0              0.0000000000
34          ask-hn                               0              0.0000120204  220            0.0871025084  0              0.0002308403  0              0.0000000000
35          at                                   115            0.0027767093  2              0.0009875568  0              0.0002308403  0              0.0000000000
36          aws                                  30             0.0007332436  3              0.0013825795  1              0.0006925208  0              0.0000000000
37          back                                 25             0.0006130397  0              0.0001975114  0              0.0002308403  0              0.0000000000
38          bad                                  18             0.0004447543  1              0.0005925341  0              0.0002308403  0              0.0000000000
39          be                                   73             0.0017669968  6              0.0025676476  2              0.0011542013  0              0.0000000000
40          before                               18             0.0004447543  0              0.0001975114  0              0.0002308403  0              0.0000000000
41          being                                16             0.0003966728  2              0.0009875568  0              0.0002308403  0              0.0000000000
42          best                                 31             0.0007572844  9              0.0037527158  1              0.0006925208  0              0.0000000000
43          better                               26             0.0006370805  1              0.0005925341  3              0.0016158818  0              0.0000000000
44          big                                  36             0.0008774882  1              0.0005925341  0              0.0002308403  0              0.0000000000
45          bitcoin                              36             0.0008774882  3              0.0013825795  2              0.0011542013  0              0.0000000000
46          blockchain                           36             0.0008774882  0              0.0001975114  6              0.0030009234  0              0.0000000000
47          book                                 12             0.0003005097  1              0.0005925341  3              0.0016158818  0              0.0000000000
48          browser                              26             0.0006370805  0              0.0001975114  3              0.0016158818  0              0.0000000000
49          build                                43             0.0010457736  5              0.0021726249  2              0.0011542013  0              0.0000000000
50          building                             30             0.0007332436  1              0.0005925341  2              0.0011542013  0              0.0000000000
51          built                                18             0.0004447543  0              0.0001975114  2              0.0011542013  0              0.0000000000
52          business                             27             0.0006611213  4              0.0017776022  0              0.0002308403  0              0.0000000000
53          but                                  30             0.0007332436  2              0.0009875568  0              0.0002308403  0              0.0000000000
54          by                                   106            0.0025603423  2              0.0009875568  3              0.0016158818  0              0.0000000000
55          c                                    25             0.0006130397  1              0.0005925341  3              0.0016158818  0              0.0000000000
56          california                           16             0.0003966728  0              0.0001975114  0              0.0002308403  0              0.0000000000
57          can                                  84             0.0020314453  14             0.0057278294  2              0.0011542013  0              0.0000000000
58          car                                  15             0.0003726320  0              0.0001975114  1              0.0006925208  0              0.0000000000
59          cars                                 17             0.0004207135  0              0.0001975114  0              0.0002308403  0              0.0000000000
60          ceo                                  19             0.0004687951  0              0.0001975114  1              0.0006925208  0              0.0000000000
61          change                               24             0.0005889989  2              0.0009875568  0              0.0002308403  0              0.0000000000
62          china                                38             0.0009255698  0              0.0001975114  0              0.0002308403  0              0.0000000000
63          chinese                              19             0.0004687951  0              0.0001975114  0              0.0002308403  0              0.0000000000
64          chrome                               24             0.0005889989  2              0.0009875568  1              0.0006925208  0              0.0000000000
65          climate                              16             0.0003966728  1              0.0005925341  1              0.0006925208  0              0.0000000000
66          cloud                                33             0.0008053659  0              0.0001975114  1              0.0006925208  0              0.0000000000
67          code                                 57             0.0013823445  5              0.0021726249  3              0.0016158818  0              0.0000000000
68          coming                               16             0.0003966728  0              0.0001975114  0              0.0002308403  0              0.0000000000
69          companies                            21             0.0005168766  4              0.0017776022  0              0.0002308403  0              0.0000000000
70          company                              23             0.0005649582  4              0.0017776022  0              0.0002308403  0              0.0000000000
71          computer                             19             0.0004687951  4              0.0017776022  0              0.0002308403  0              0.0000000000
72          computing                            16             0.0003966728  0              0.0001975114  0              0.0002308403  0              0.0000000000
73          control                              16             0.0003966728  0              0.0001975114  0              0.0002308403  0              0.0000000000
74          could                                40             0.0009736513  0              0.0001975114  1              0.0006925208  0              0.0000000000
75          create                               18             0.0004447543  0              0.0001975114  1              0.0006925208  0              0.0000000000
76          crypto                               27             0.0006611213  2              0.0009875568  6              0.0030009234  0              0.0000000000
77          cryptocurrency                       16             0.0003966728  0              0.0001975114  1              0.0006925208  0              0.0000000000
78          data                                 106            0.0025603423  6              0.0025676476  6              0.0030009234  0              0.0000000000
79          database                             15             0.0003726320  2              0.0009875568  0              0.0002308403  0              0.0000000000
80          day                                  23             0.0005649582  2              0.0009875568  0              0.0002308403  0              0.0000000000
81          deep                                 27             0.0006611213  0              0.0001975114  1              0.0006925208  0              0.0000000000
82          design                               27             0.0006611213  1              0.0005925341  1              0.0006925208  0              0.0000000000
83          developer                            25             0.0006130397  3              0.0013825795  1              0.0006925208  0              0.0000000000
84          developers                           17             0.0004207135  1              0.0005925341  2              0.0011542013  0              0.0000000000
85          development                          26             0.0006370805  3              0.0013825795  1              0.0006925208  0              0.0000000000
86          digital                              26             0.0006370805  0              0.0001975114  3              0.0016158818  0              0.0000000000
87          dna                                  16             0.0003966728  0              0.0001975114  0              0.0002308403  0              0.0000000000
88          do                                   53             0.0012861814  46             0.0183685562  1              0.0006925208  0              0.0000000000
89          does                                 30             0.0007332436  11             0.0045427612  0              0.0002308403  0              0.0000000000
90          dont                                 29             0.0007092028  2              0.0009875568  0              0.0002308403  0              0.0000000000
91          down                                 32             0.0007813251  0              0.0001975114  0              0.0002308403  0              0.0000000000
92          email                                8              0.0002043466  4              0.0017776022  5              0.0025392428  0              0.0000000000
93          end                                  17             0.0004207135  0              0.0001975114  0              0.0002308403  0              0.0000000000
94          engineering                          19             0.0004687951  2              0.0009875568  0              0.0002308403  0              0.0000000000
95          ethereum                             18             0.0004447543  0              0.0001975114  3              0.0016158818  0              0.0000000000
96          every                                18             0.0004447543  0              0.0001975114  0              0.0002308403  0              0.0000000000
97          facebook                             80             0.0019352822  2              0.0009875568  0              0.0002308403  0              0.0000000000
98          fake                                 16             0.0003966728  0              0.0001975114  0              0.0002308403  0              0.0000000000
99          fast                                 22             0.0005409174  0              0.0001975114  1              0.0006925208  0              0.0000000000
100         find                                 19             0.0004687951  7              0.0029626704  3              0.0016158818  0              0.0000000000
101         first                                58             0.0014063852  2              0.0009875568  1              0.0006925208  0              0.0000000000
102         for                                  542            0.0130421194  36             0.0144183291  44             0.0205447830  0              0.0000000000
103         framework                            14             0.0003485912  0              0.0001975114  3              0.0016158818  0              0.0000000000
104         free                                 29             0.0007092028  2              0.0009875568  3              0.0016158818  0              0.0000000000
105         from                                 150            0.0036181364  10             0.0041477385  7              0.0034626039  0              0.0000000000
106         future                               37             0.0009015290  1              0.0005925341  0              0.0002308403  0              0.0000000000
107         game                                 36             0.0008774882  0              0.0001975114  5              0.0025392428  0              0.0000000000
108         games                                20             0.0004928358  1              0.0005925341  1              0.0006925208  0              0.0000000000
109         gdpr                                 14             0.0003485912  1              0.0005925341  1              0.0006925208  0              0.0000000000
110         get                                  32             0.0007813251  3              0.0013825795  5              0.0025392428  0              0.0000000000
111         getting                              17             0.0004207135  1              0.0005925341  0              0.0002308403  0              0.0000000000
112         git                                  15             0.0003726320  0              0.0001975114  1              0.0006925208  0              0.0000000000
113         github                               15             0.0003726320  3              0.0013825795  6              0.0030009234  0              0.0000000000
114         global                               19             0.0004687951  0              0.0001975114  0              0.0002308403  0              0.0000000000
115         go                                   43             0.0010457736  1              0.0005925341  5              0.0025392428  0              0.0000000000
116         good                                 22             0.0005409174  9              0.0037527158  0              0.0002308403  0              0.0000000000
117         google                               79             0.0019112415  3              0.0013825795  1              0.0006925208  0              0.0000000000
118         googles                              17             0.0004207135  0              0.0001975114  0              0.0002308403  0              0.0000000000
119         got                                  17             0.0004207135  0              0.0001975114  0              0.0002308403  0              0.0000000000
120         great                                17             0.0004207135  1              0.0005925341  0              0.0002308403  0              0.0000000000
121         guide                                40             0.0009736513  0              0.0001975114  0              0.0002308403  0              0.0000000000
122         hard                                 14             0.0003485912  3              0.0013825795  0              0.0002308403  0              0.0000000000
123         hardware                             15             0.0003726320  1              0.0005925341  0              0.0002308403  0              0.0000000000
124         has                                  63             0.0015265891  4              0.0017776022  0              0.0002308403  0              0.0000000000
125         have                                 37             0.0009015290  9              0.0037527158  0              0.0002308403  0              0.0000000000
126         health                               16             0.0003966728  2              0.0009875568  0              0.0002308403  0              0.0000000000
127         help                                 32             0.0007813251  4              0.0017776022  3              0.0016158818  0              0.0000000000
128         heres                                20             0.0004928358  0              0.0001975114  0              0.0002308403  0              0.0000000000
129         high                                 18             0.0004447543  0              0.0001975114  0              0.0002308403  0              0.0000000000
130         his                                  16             0.0003966728  1              0.0005925341  0              0.0002308403  0              0.0000000000
131         history                              22             0.0005409174  0              0.0001975114  0              0.0002308403  0              0.0000000000
132         home                                 18             0.0004447543  2              0.0009875568  0              0.0002308403  0              0.0000000000
133         how                                  311            0.0074887008  61             0.0242938969  2              0.0011542013  0              0.0000000000
134         human                                18             0.0004447543  0              0.0001975114  0              0.0002308403  0              0.0000000000
135         i                                    65             0.0015746706  18             0.0073079202  8              0.0039242844  0              0.0000000000
136         if                                   26             0.0006370805  4              0.0017776022  0              0.0002308403  0              0.0000000000
137         images                               15             0.0003726320  0              0.0001975114  1              0.0006925208  0              0.0000000000
138         in                                   643            0.0154702375  21             0.0084929883  25             0.0117728532  0              0.0000000000
139         inside                               18             0.0004447543  0              0.0001975114  0              0.0002308403  0              0.0000000000
140         intel                                16             0.0003966728  0              0.0001975114  0              0.0002308403  0              0.0000000000
141         intelligence                         25             0.0006130397  0              0.0001975114  1              0.0006925208  0              0.0000000000
142         internet                             36             0.0008774882  1              0.0005925341  0              0.0002308403  0              0.0000000000
143         into                                 52             0.0012621406  2              0.0009875568  3              0.0016158818  0              0.0000000000
144         introducing                          16             0.0003966728  0              0.0001975114  2              0.0011542013  0              0.0000000000
145         ios                                  14             0.0003485912  0              0.0001975114  3              0.0016158818  0              0.0000000000
146         iphone                               19             0.0004687951  0              0.0001975114  0              0.0002308403  0              0.0000000000
147         is                                   348            0.0083782094  26             0.0104681019  3              0.0016158818  0              0.0000000000
148         isnt                                 18             0.0004447543  0              0.0001975114  0              0.0002308403  0              0.0000000000
149         it                                   103            0.0024882200  12             0.0049377839  0              0.0002308403  0              0.0000000000
150         its                                  93             0.0022478123  1              0.0005925341  0              0.0002308403  0              0.0000000000
151         javascript                           38             0.0009255698  0              0.0001975114  8              0.0039242844  0              0.0000000000
152         job                                  13             0.0003245504  4              0.0017776022  1              0.0006925208  0              0.0000000000
153         jobs                                 15             0.0003726320  3              0.0013825795  1              0.0006925208  0              0.0000000000
154         just                                 28             0.0006851620  1              0.0005925341  1              0.0006925208  0              0.0000000000
155         know                                 25             0.0006130397  4              0.0017776022  0              0.0002308403  0              0.0000000000
156         kubernetes                           22             0.0005409174  1              0.0005925341  1              0.0006925208  0              0.0000000000
157         language                             30             0.0007332436  3              0.0013825795  0              0.0002308403  0              0.0000000000
158         launches                             22             0.0005409174  0              0.0001975114  0              0.0002308403  0              0.0000000000
159         law                                  21             0.0005168766  0              0.0001975114  1              0.0006925208  0              0.0000000000
160         learn                                22             0.0005409174  4              0.0017776022  1              0.0006925208  0              0.0000000000
161         learning                             65             0.0015746706  6              0.0025676476  3              0.0016158818  0              0.0000000000
162         library                              17             0.0004207135  1              0.0005925341  9              0.0043859649  0              0.0000000000
163         life                                 29             0.0007092028  0              0.0001975114  0              0.0002308403  0              0.0000000000
164         like                                 34             0.0008294067  6              0.0025676476  2              0.0011542013  0              0.0000000000
165         linux                                30             0.0007332436  2              0.0009875568  1              0.0006925208  0              0.0000000000
166         list                                 20             0.0004928358  0              0.0001975114  1              0.0006925208  0              0.0000000000
167         long                                 17             0.0004207135  1              0.0005925341  0              0.0002308403  0              0.0000000000
168         look                                 19             0.0004687951  1              0.0005925341  1              0.0006925208  0              0.0000000000
169         machine                              46             0.0011178960  4              0.0017776022  2              0.0011542013  0              0.0000000000
170         made                                 15             0.0003726320  1              0.0005925341  6              0.0030009234  0              0.0000000000
171         make                                 40             0.0009736513  2              0.0009875568  2              0.0011542013  0              0.0000000000
172         making                               22             0.0005409174  2              0.0009875568  0              0.0002308403  0              0.0000000000
173         man                                  17             0.0004207135  0              0.0001975114  0              0.0002308403  0              0.0000000000
174         management                           20             0.0004928358  2              0.0009875568  2              0.0011542013  0              0.0000000000
175         many                                 16             0.0003966728  1              0.0005925341  0              0.0002308403  0              0.0000000000
176         market                               16             0.0003966728  1              0.0005925341  1              0.0006925208  0              0.0000000000
177         mars                                 18             0.0004447543  0              0.0001975114  0              0.0002308403  0              0.0000000000
178         may                                  31             0.0007572844  0              0.0001975114  1              0.0006925208  0              0.0000000000
179         media                                18             0.0004447543  0              0.0001975114  1              0.0006925208  0              0.0000000000
180         microsoft                            30             0.0007332436  0              0.0001975114  0              0.0002308403  0              0.0000000000
181         mobile                               21             0.0005168766  1              0.0005925341  0              0.0002308403  0              0.0000000000
182         model                                22             0.0005409174  1              0.0005925341  1              0.0006925208  0              0.0000000000
183         money                                13             0.0003245504  1              0.0005925341  2              0.0011542013  0              0.0000000000
184         more                                 60             0.0014544668  2              0.0009875568  0              0.0002308403  0              0.0000000000
185         most                                 32             0.0007813251  4              0.0017776022  0              0.0002308403  0              0.0000000000
186         much                                 21             0.0005168766  3              0.0013825795  0              0.0002308403  0              0.0000000000
187         my                                   39             0.0009496105  10             0.0041477385  5              0.0025392428  0              0.0000000000
188         need                                 17             0.0004207135  4              0.0017776022  2              0.0011542013  0              0.0000000000
189         net                                  16             0.0003966728  0              0.0001975114  0              0.0002308403  0              0.0000000000
190         network                              36             0.0008774882  1              0.0005925341  2              0.0011542013  0              0.0000000000
191         neural                               17             0.0004207135  0              0.0001975114  0              0.0002308403  0              0.0000000000
192         new                                  185            0.0044595634  4              0.0017776022  5              0.0025392428  0              0.0000000000
193         news                                 24             0.0005889989  1              0.0005925341  0              0.0002308403  0              0.0000000000
194         next                                 20             0.0004928358  1              0.0005925341  0              0.0002308403  0              0.0000000000
195         no                                   37             0.0009015290  1              0.0005925341  1              0.0006925208  0              0.0000000000
196         not                                  76             0.0018391191  6              0.0025676476  0              0.0002308403  0              0.0000000000
197         now                                  41             0.0009976921  1              0.0005925341  0              0.0002308403  0              0.0000000000
198         of                                   715            0.0172011732  21             0.0084929883  18             0.0085410896  0              0.0000000000
199         off                                  16             0.0003966728  1              0.0005925341  0              0.0002308403  0              0.0000000000
200         old                                  13             0.0003245504  2              0.0009875568  1              0.0006925208  0              0.0000000000
201         on                                   305            0.0073444562  19             0.0077029429  14             0.0066943675  0              0.0000000000
202         one                                  53             0.0012861814  3              0.0013825795  0              0.0002308403  0              0.0000000000
203         online                               38             0.0009255698  1              0.0005925341  3              0.0016158818  0              0.0000000000
204         only                                 18             0.0004447543  1              0.0005925341  0              0.0002308403  0              0.0000000000
205         open                                 45             0.0010938552  1              0.0005925341  4              0.0020775623  0              0.0000000000
206         or                                   30             0.0007332436  10             0.0041477385  3              0.0016158818  0              0.0000000000
207         other                                16             0.0003966728  1              0.0005925341  0              0.0002308403  0              0.0000000000
208         our                                  31             0.0007572844  0              0.0001975114  0              0.0002308403  0              0.0000000000
209         out                                  47             0.0011419367  2              0.0009875568  0              0.0002308403  0              0.0000000000
210         over                                 44             0.0010698144  0              0.0001975114  3              0.0016158818  0              0.0000000000
211         own                                  21             0.0005168766  1              0.0005925341  0              0.0002308403  0              0.0000000000
212         part                                 28             0.0006851620  0              0.0001975114  0              0.0002308403  0              0.0000000000
213         pdf                                  65             0.0015746706  0              0.0001975114  1              0.0006925208  0              0.0000000000
214         people                               38             0.0009255698  4              0.0017776022  1              0.0006925208  0              0.0000000000
215         performance                          18             0.0004447543  1              0.0005925341  1              0.0006925208  0              0.0000000000
216         plan                                 15             0.0003726320  1              0.0005925341  1              0.0006925208  0              0.0000000000
217         platform                             21             0.0005168766  1              0.0005925341  2              0.0011542013  0              0.0000000000
218         privacy                              23             0.0005649582  0              0.0001975114  0              0.0002308403  0              0.0000000000
219         private                              17             0.0004207135  0              0.0001975114  2              0.0011542013  0              0.0000000000
220         problem                              14             0.0003485912  3              0.0013825795  0              0.0002308403  0              0.0000000000
221         product                              22             0.0005409174  2              0.0009875568  1              0.0006925208  0              0.0000000000
222         programming                          39             0.0009496105  4              0.0017776022  2              0.0011542013  0              0.0000000000
223         project                              40             0.0009736513  4              0.0017776022  4              0.0020775623  0              0.0000000000
224         projects                             14             0.0003485912  2              0.0009875568  0              0.0002308403  0              0.0000000000
225         python                               32             0.0007813251  3              0.0013825795  6              0.0030009234  0              0.0000000000
226         quantum                              27             0.0006611213  0              0.0001975114  0              0.0002308403  0              0.0000000000
227         react                                20             0.0004928358  0              0.0001975114  3              0.0016158818  0              0.0000000000
228         real                                 27             0.0006611213  0              0.0001975114  3              0.0016158818  0              0.0000000000
229         really                               24             0.0005889989  2              0.0009875568  0              0.0002308403  0              0.0000000000
230         release                              16             0.0003966728  0              0.0001975114  0              0.0002308403  0              0.0000000000
231         released                             23             0.0005649582  0              0.0001975114  1              0.0006925208  0              0.0000000000
232         report                               25             0.0006130397  0              0.0001975114  0              0.0002308403  0              0.0000000000
233         research                             17             0.0004207135  1              0.0005925341  0              0.0002308403  0              0.0000000000
234         review                               25             0.0006130397  0              0.0001975114  0              0.0002308403  0              0.0000000000
235         right                                16             0.0003966728  0              0.0001975114  0              0.0002308403  0              0.0000000000
236         robot                                16             0.0003966728  0              0.0001975114  0              0.0002308403  0              0.0000000000
237         run                                  15             0.0003726320  3              0.0013825795  1              0.0006925208  0              0.0000000000
238         rust                                 17             0.0004207135  0              0.0001975114  0              0.0002308403  0              0.0000000000
239         says                                 41             0.0009976921  0              0.0001975114  0              0.0002308403  0              0.0000000000
240         science                              32             0.0007813251  4              0.0017776022  0              0.0002308403  0              0.0000000000
241         scientists                           17             0.0004207135  0              0.0001975114  0              0.0002308403  0              0.0000000000
242         search                               18             0.0004447543  3              0.0013825795  2              0.0011542013  0              0.0000000000
243         security                             42             0.0010217329  0              0.0001975114  1              0.0006925208  0              0.0000000000
244         self-driving                         16             0.0003966728  0              0.0001975114  0              0.0002308403  0              0.0000000000
245         service                              24             0.0005889989  0              0.0001975114  2              0.0011542013  0              0.0000000000
246         should                               33             0.0008053659  7              0.0029626704  0              0.0002308403  0              0.0000000000
247         show-hn                              0              0.0000120204  0              0.0001975114  206            0.0953370268  0              0.0000000000
248         silicon                              19             0.0004687951  0              0.0001975114  0              0.0002308403  0              0.0000000000
249         simple                               17             0.0004207135  2              0.0009875568  8              0.0039242844  0              0.0000000000
250         smart                                21             0.0005168766  0              0.0001975114  1              0.0006925208  0              0.0000000000
251         so                                   29             0.0007092028  2              0.0009875568  0              0.0002308403  0              0.0000000000
252         social                               24             0.0005889989  0              0.0001975114  3              0.0016158818  0              0.0000000000
253         software                             41             0.0009976921  13             0.0053328066  2              0.0011542013  0              0.0000000000
254         source                               37             0.0009015290  2              0.0009875568  4              0.0020775623  0              0.0000000000
255         space                                29             0.0007092028  0              0.0001975114  0              0.0002308403  0              0.0000000000
256         startup                              50             0.0012140590  4              0.0017776022  0              0.0002308403  0              0.0000000000
257         startups                             18             0.0004447543  4              0.0017776022  1              0.0006925208  0              0.0000000000
258         state                                17             0.0004207135  1              0.0005925341  0              0.0002308403  0              0.0000000000
259         still                                24             0.0005889989  3              0.0013825795  0              0.0002308403  0              0.0000000000
260         story                                17             0.0004207135  0              0.0001975114  0              0.0002308403  0              0.0000000000
261         study                                17             0.0004207135  1              0.0005925341  0              0.0002308403  0              0.0000000000
262         support                              16             0.0003966728  0              0.0001975114  1              0.0006925208  0              0.0000000000
263         system                               44             0.0010698144  2              0.0009875568  1              0.0006925208  0              0.0000000000
264         take                                 16             0.0003966728  1              0.0005925341  0              0.0002308403  0              0.0000000000
265         team                                 17             0.0004207135  2              0.0009875568  1              0.0006925208  0              0.0000000000
266         tech                                 63             0.0015265891  6              0.0025676476  1              0.0006925208  0              0.0000000000
267         technology                           24             0.0005889989  1              0.0005925341  0              0.0002308403  0              0.0000000000
268         tesla                                27             0.0006611213  0              0.0001975114  0              0.0002308403  0              0.0000000000
269         test                                 26             0.0006370805  2              0.0009875568  1              0.0006925208  0              0.0000000000
270         testing                              15             0.0003726320  0              0.0001975114  2              0.0011542013  0              0.0000000000
271         than                                 40             0.0009736513  1              0.0005925341  1              0.0006925208  0              0.0000000000
272         that                                 85             0.0020554861  9              0.0037527158  6              0.0030009234  0              0.0000000000
273         the                                  1168           0.0280916434  26             0.0104681019  26             0.0122345337  0              0.0000000000
274         their                                27             0.0006611213  2              0.0009875568  0              0.0002308403  0              0.0000000000
275         them                                 15             0.0003726320  1              0.0005925341  0              0.0002308403  0              0.0000000000
276         there                                10             0.0002524281  9              0.0037527158  0              0.0002308403  0              0.0000000000
277         they                                 27             0.0006611213  1              0.0005925341  0              0.0002308403  0              0.0000000000
278         things                               20             0.0004928358  1              0.0005925341  0              0.0002308403  0              0.0000000000
279         this                                 41             0.0009976921  3              0.0013825795  1              0.0006925208  0              0.0000000000
280         through                              17             0.0004207135  0              0.0001975114  0              0.0002308403  0              0.0000000000
281         time                                 52             0.0012621406  5              0.0021726249  2              0.0011542013  0              0.0000000000
282         to                                   883            0.0212400231  65             0.0258739878  34             0.0159279778  0              0.0000000000
283         tool                                 18             0.0004447543  1              0.0005925341  6              0.0030009234  0              0.0000000000
284         top                                  23             0.0005649582  1              0.0005925341  1              0.0006925208  0              0.0000000000
285         twitter                              17             0.0004207135  0              0.0001975114  2              0.0011542013  0              0.0000000000
286         up                                   55             0.0013342629  0              0.0001975114  1              0.0006925208  0              0.0000000000
287         us                                   72             0.0017429561  2              0.0009875568  0              0.0002308403  0              0.0000000000
288         use                                  58             0.0014063852  11             0.0045427612  4              0.0020775623  0              0.0000000000
289         used                                 17             0.0004207135  3              0.0013825795  0              0.0002308403  0              0.0000000000
290         user                                 14             0.0003485912  2              0.0009875568  0              0.0002308403  0              0.0000000000
291         users                                28             0.0006851620  1              0.0005925341  0              0.0002308403  0              0.0000000000
292         using                                80             0.0019352822  3              0.0013825795  7              0.0034626039  0              0.0000000000
293         video                                58             0.0014063852  1              0.0005925341  0              0.0002308403  0              0.0000000000
294         visual                               13             0.0003245504  1              0.0005925341  2              0.0011542013  0              0.0000000000
295         vs                                   29             0.0007092028  5              0.0021726249  1              0.0006925208  0              0.0000000000
296         war                                  17             0.0004207135  0              0.0001975114  0              0.0002308403  0              0.0000000000
297         was                                  29             0.0007092028  2              0.0009875568  0              0.0002308403  0              0.0000000000
298         way                                  38             0.0009255698  4              0.0017776022  3              0.0016158818  0              0.0000000000
299         we                                   62             0.0015025483  2              0.0009875568  0              0.0002308403  0              0.0000000000
300         web                                  48             0.0011659775  4              0.0017776022  5              0.0025392428  0              0.0000000000
301         website                              11             0.0002764689  4              0.0017776022  3              0.0016158818  0              0.0000000000
302         were                                 18             0.0004447543  0              0.0001975114  0              0.0002308403  0              0.0000000000
303         what                                 103            0.0024882200  44             0.0175785108  0              0.0002308403  0              0.0000000000
304         whats                                15             0.0003726320  7              0.0029626704  0              0.0002308403  0              0.0000000000
305         when                                 49             0.0011900183  10             0.0041477385  0              0.0002308403  0              0.0000000000
306         where                                16             0.0003966728  1              0.0005925341  1              0.0006925208  0              0.0000000000
307         which                                12             0.0003005097  8              0.0033576931  1              0.0006925208  0              0.0000000000
308         who                                  45             0.0010938552  3              0.0013825795  1              0.0006925208  0              0.0000000000
309         why                                  144            0.0034738917  15             0.0061228521  0              0.0002308403  0              0.0000000000
310         will                                 69             0.0016708337  2              0.0009875568  1              0.0006925208  0              0.0000000000
311         windows                              28             0.0006851620  0              0.0001975114  1              0.0006925208  0              0.0000000000
312         with                                 309            0.0074406193  13             0.0053328066  23             0.0108494922  0              0.0000000000
313         without                              39             0.0009496105  2              0.0009875568  3              0.0016158818  0              0.0000000000
314         work                                 39             0.0009496105  7              0.0029626704  3              0.0016158818  0              0.0000000000
315         working                              15             0.0003726320  1              0.0005925341  0              0.0002308403  0              0.0000000000
316         world                                44             0.0010698144  0              0.0001975114  1              0.0006925208  0              0.0000000000
317         would                                8              0.0002043466  9              0.0037527158  0              0.0002308403  0              0.0000000000
318         year                                 27             0.0006611213  0              0.0001975114  1              0.0006925208  0              0.0000000000
319         years                                34             0.0008294067  1              0.0005925341  0              0.0002308403  0              0.0000000000
320         you                                  160            0.0038585441  51             0.0203436698  5              0.0025392428  0              0.0000000000
321         your                                 170            0.0040989518  26             0.0104681019  17             0.0080794090  0              0.0000000000
322         youtube                              17             0.0004207135  1              0.0005925341  0              0.0002308403  0              0.0000000000
