1           1                                    19             0.0004687951  2              0.0009875568  1              0.0006925208  0              0.0000000000
2           10                                   24             0.0005889989  0              0.0001975114  3              0.0016158818  0              0.0000000000
3           2                                    26             0.0006370805  0              0.0001975114  0              0.0002308403  0              0.0000000000
4           2016                                 30             0.0007332436  0              0.0001975114  0              0.0002308403  0              0.0000000000
5           2017                                 39             0.0009496105  0              0.0001975114  0              0.0002308403  0              0.0000000000
6           2018                                 75             0.0018150784  0              0.0001975114  1              0.0006925208  0              0.0000000000
7           3                                    27             0.0006611213  1              0.0005925341  1              0.0006925208  0              0.0000000000
8           a                                    736            0.0177060294  49             0.0195536243  52             0.0242382271  0              0.0000000000
9           about                                79             0.0019112415  8              0.0033576931  3              0.0016158818  0              0.0000000000
10          after                                44             0.0010698144  0              0.0001975114  0              0.0002308403  0              0.0000000000
11          against                              23             0.0005649582  0              0.0001975114  0              0.0002308403  0              0.0000000000
12          ai                                   75             0.0018150784  1              0.0005925341  1              0.0006925208  0              0.0000000000
13          all                                  44             0.0010698144  3              0.0013825795  1              0.0006925208  0              0.0000000000
14          amazon                               54             0.0013102221  0              0.0001975114  0              0.0002308403  0              0.0000000000
15          an                                   149            0.0035940956  2              0.0009875568  4              0.0020775623  0              0.0000000000
16          and                                  600            0.0144364843  15             0.0061228521  38             0.0177746999  0              0.0000000000
17          android                              30             0.0007332436  0              0.0001975114  2              0.0011542013  0              0.0000000000
18          any                                  19             0.0004687951  9              0.0037527158  3              0.0016158818  0              0.0000000000
19          api                                  21             0.0005168766  2              0.0009875568  3              0.0016158818  0              0.0000000000
20          app                                  55             0.0013342629  2              0.0009875568  3              0.0016158818  0              0.0000000000
21          apple                                45             0.0010938552  0              0.0001975114  0              0.0002308403  0              0.0000000000
22          are                                  144            0.0034738917  26             0.0104681019  1              0.0006925208  0              0.0000000000
23          as                                   85             0.0020554861  8              0.0033576931  2              0.0011542013  0              0.0000000000
24          ask-hn                               0              0.0000120204  220            0.0871025084  0              0.0002308403  0              0.0000000000
25          at                                   115            0.0027767093  2              0.0009875568  0              0.0002308403  0              0.0000000000
26          aws                                  30             0.0007332436  3              0.0013825795  1              0.0006925208  0              0.0000000000
27          back                                 25             0.0006130397  0              0.0001975114  0              0.0002308403  0              0.0000000000
28          be                                   73             0.0017669968  6              0.0025676476  2              0.0011542013  0              0.0000000000
29          best                                 31             0.0007572844  9              0.0037527158  1              0.0006925208  0              0.0000000000
30          better                               26             0.0006370805  1              0.0005925341  3              0.0016158818  0              0.0000000000
31          big                                  36             0.0008774882  1              0.0005925341  0              0.0002308403  0              0.0000000000
32          bitcoin                              36             0.0008774882  3              0.0013825795  2              0.0011542013  0              0.0000000000
33          blockchain                           36             0.0008774882  0              0.0001975114  6              0.0030009234  0              0.0000000000
34          browser                              26             0.0006370805  0              0.0001975114  3              0.0016158818  0              0.0000000000
35          build                                43             0.0010457736  5              0.0021726249  2              0.0011542013  0              0.0000000000
36          building                             30             0.0007332436  1              0.0005925341  2              0.0011542013  0              0.0000000000
37          business                             27             0.0006611213  4              0.0017776022  0              0.0002308403  0              0.0000000000
38          but                                  30             0.0007332436  2              0.0009875568  0              0.0002308403  0              0.0000000000
39          by                                   106            0.0025603423  2              0.0009875568  3              0.0016158818  0              0.0000000000
40          c                                    25             0.0006130397  1              0.0005925341  3              0.0016158818  0              0.0000000000
41          can                                  84             0.0020314453  14             0.0057278294  2              0.0011542013  0              0.0000000000
42          change                               24             0.0005889989  2              0.0009875568  0              0.0002308403  0              0.0000000000
43          china                                38             0.0009255698  0              0.0001975114  0              0.0002308403  0              0.0000000000
44          chrome                               24             0.0005889989  2              0.0009875568  1              0.0006925208  0              0.0000000000
45          cloud                                33             0.0008053659  0              0.0001975114  1              0.0006925208  0              0.0000000000
46          code                                 57             0.0013823445  5              0.0021726249  3              0.0016158818  0              0.0000000000
47          companies                            21             0.0005168766  4              0.0017776022  0              0.0002308403  0              0.0000000000
48          company                              23             0.0005649582  4              0.0017776022  0              0.0002308403  0              0.0000000000
49          computer                             19             0.0004687951  4              0.0017776022  0              0.0002308403  0              0.0000000000
50          could                                40             0.0009736513  0              0.0001975114  1              0.0006925208  0              0.0000000000
51          crypto                               27             0.0006611213  2              0.0009875568  6              0.0030009234  0              0.0000000000
52          data                                 106            0.0025603423  6              0.0025676476  6              0.0030009234  0              0.0000000000
53          day                                  23             0.0005649582  2              0.0009875568  0              0.0002308403  0              0.0000000000
54          deep                                 27             0.0006611213  0              0.0001975114  1              0.0006925208  0              0.0000000000
55          design                               27             0.0006611213  1              0.0005925341  1              0.0006925208  0              0.0000000000
56          developer                            25             0.0006130397  3              0.0013825795  1              0.0006925208  0              0.0000000000
57          development                          26             0.0006370805  3              0.0013825795  1              0.0006925208  0              0.0000000000
58          digital                              26             0.0006370805  0              0.0001975114  3              0.0016158818  0              0.0000000000
59          do                                   53             0.0012861814  46             0.0183685562  1              0.0006925208  0              0.0000000000
60          does                                 30             0.0007332436  11             0.0045427612  0              0.0002308403  0              0.0000000000
61          dont                                 29             0.0007092028  2              0.0009875568  0              0.0002308403  0              0.0000000000
62          down                                 32             0.0007813251  0              0.0001975114  0              0.0002308403  0              0.0000000000
63          engineering                          19             0.0004687951  2              0.0009875568  0              0.0002308403  0              0.0000000000
64          ethereum                             18             0.0004447543  0              0.0001975114  3              0.0016158818  0              0.0000000000
65          facebook                             80             0.0019352822  2              0.0009875568  0              0.0002308403  0              0.0000000000
66          fast                                 22             0.0005409174  0              0.0001975114  1              0.0006925208  0              0.0000000000
67          find                                 19             0.0004687951  7              0.0029626704  3              0.0016158818  0              0.0000000000
68          first                                58             0.0014063852  2              0.0009875568  1              0.0006925208  0              0.0000000000
69          for                                  542            0.0130421194  36             0.0144183291  44             0.0205447830  0              0.0000000000
70          free                                 29             0.0007092028  2              0.0009875568  3              0.0016158818  0              0.0000000000
71          from                                 150            0.0036181364  10             0.0041477385  7              0.0034626039  0              0.0000000000
72          future                               37             0.0009015290  1              0.0005925341  0              0.0002308403  0              0.0000000000
73          game                                 36             0.0008774882  0              0.0001975114  5              0.0025392428  0              0.0000000000
74          games                                20             0.0004928358  1              0.0005925341  1              0.0006925208  0              0.0000000000
75          get                                  32             0.0007813251  3              0.0013825795  5              0.0025392428  0              0.0000000000
76          github                               15             0.0003726320  3              0.0013825795  6              0.0030009234  0              0.0000000000
77          go                                   43             0.0010457736  1              0.0005925341  5              0.0025392428  0              0.0000000000
78          good                                 22             0.0005409174  9              0.0037527158  0              0.0002308403  0              0.0000000000
79          google                               79             0.0019112415  3              0.0013825795  1              0.0006925208  0              0.0000000000
80          guide                                40             0.0009736513  0              0.0001975114  0              0.0002308403  0              0.0000000000
81          has                                  63             0.0015265891  4              0.0017776022  0              0.0002308403  0              0.0000000000
82          have                                 37             0.0009015290  9              0.0037527158  0              0.0002308403  0              0.0000000000
83          help                                 32             0.0007813251  4              0.0017776022  3              0.0016158818  0              0.0000000000
84          history                              22             0.0005409174  0              0.0001975114  0              0.0002308403  0              0.0000000000
85          how                                  311            0.0074887008  61             0.0242938969  2              0.0011542013  0              0.0000000000
86          i                                    65             0.0015746706  18             0.0073079202  8              0.0039242844  0              0.0000000000
87          if                                   26             0.0006370805  4              0.0017776022  0              0.0002308403  0              0.0000000000
88          in                                   643            0.0154702375  21             0.0084929883  25             0.0117728532  0              0.0000000000
89          intelligence                         25             0.0006130397  0              0.0001975114  1              0.0006925208  0              0.0000000000
90          internet                             36             0.0008774882  1              0.0005925341  0              0.0002308403  0              0.0000000000
91          into                                 52             0.0012621406  2              0.0009875568  3              0.0016158818  0              0.0000000000
92          is                                   348            0.0083782094  26             0.0104681019  3              0.0016158818  0              0.0000000000
93          it                                   103            0.0024882200  12             0.0049377839  0              0.0002308403  0              0.0000000000
94          its                                  93             0.0022478123  1              0.0005925341  0              0.0002308403  0              0.0000000000
95          javascript                           38             0.0009255698  0              0.0001975114  8              0.0039242844  0              0.0000000000
96          just                                 28             0.0006851620  1              0.0005925341  1              0.0006925208  0              0.0000000000
97          know                                 25             0.0006130397  4              0.0017776022  0              0.0002308403  0              0.0000000000
98          kubernetes                           22             0.0005409174  1              0.0005925341  1              0.0006925208  0              0.0000000000
99          language                             30             0.0007332436  3              0.0013825795  0              0.0002308403  0              0.0000000000
100         launches                             22             0.0005409174  0              0.0001975114  0              0.0002308403  0              0.0000000000
101         law                                  21             0.0005168766  0              0.0001975114  1              0.0006925208  0              0.0000000000
102         learn                                22             0.0005409174  4              0.0017776022  1              0.0006925208  0              0.0000000000
103         learning                             65             0.0015746706  6              0.0025676476  3              0.0016158818  0              0.0000000000
104         library                              17             0.0004207135  1              0.0005925341  9              0.0043859649  0              0.0000000000
105         life                                 29             0.0007092028  0              0.0001975114  0              0.0002308403  0              0.0000000000
106         like                                 34             0.0008294067  6              0.0025676476  2              0.0011542013  0              0.0000000000
107         linux                                30             0.0007332436  2              0.0009875568  1              0.0006925208  0              0.0000000000
108         list                                 20             0.0004928358  0              0.0001975114  1              0.0006925208  0              0.0000000000
109         look                                 19             0.0004687951  1              0.0005925341  1              0.0006925208  0              0.0000000000
110         machine                              46             0.0011178960  4              0.0017776022  2              0.0011542013  0              0.0000000000
111         made                                 15             0.0003726320  1              0.0005925341  6              0.0030009234  0              0.0000000000
112         make                                 40             0.0009736513  2              0.0009875568  2              0.0011542013  0              0.0000000000
113         making                               22             0.0005409174  2              0.0009875568  0              0.0002308403  0              0.0000000000
114         management                           20             0.0004928358  2              0.0009875568  2              0.0011542013  0              0.0000000000
115         may                                  31             0.0007572844  0              0.0001975114  1              0.0006925208  0              0.0000000000
116         microsoft                            30             0.0007332436  0              0.0001975114  0              0.0002308403  0              0.0000000000
117         mobile                               21             0.0005168766  1              0.0005925341  0              0.0002308403  0              0.0000000000
118         model                                22             0.0005409174  1              0.0005925341  1              0.0006925208  0              0.0000000000
119         more                                 60             0.0014544668  2              0.0009875568  0              0.0002308403  0              0.0000000000
120         most                                 32             0.0007813251  4              0.0017776022  0              0.0002308403  0              0.0000000000
121         much                                 21             0.0005168766  3              0.0013825795  0              0.0002308403  0              0.0000000000
122         my                                   39             0.0009496105  10             0.0041477385  5              0.0025392428  0              0.0000000000
123         need                                 17             0.0004207135  4              0.0017776022  2              0.0011542013  0              0.0000000000
124         network                              36             0.0008774882  1              0.0005925341  2              0.0011542013  0              0.0000000000
125         new                                  185            0.0044595634  4              0.0017776022  5              0.0025392428  0              0.0000000000
126         news                                 24             0.0005889989  1              0.0005925341  0              0.0002308403  0              0.0000000000
127         next                                 20             0.0004928358  1              0.0005925341  0              0.0002308403  0              0.0000000000
128         no                                   37             0.0009015290  1              0.0005925341  1              0.0006925208  0              0.0000000000
129         not                                  76             0.0018391191  6              0.0025676476  0              0.0002308403  0              0.0000000000
130         now                                  41             0.0009976921  1              0.0005925341  0              0.0002308403  0              0.0000000000
131         of                                   715            0.0172011732  21             0.0084929883  18             0.0085410896  0              0.0000000000
132         on                                   305            0.0073444562  19             0.0077029429  14             0.0066943675  0              0.0000000000
133         one                                  53             0.0012861814  3              0.0013825795  0              0.0002308403  0              0.0000000000
134         online                               38             0.0009255698  1              0.0005925341  3              0.0016158818  0              0.0000000000
135         open                                 45             0.0010938552  1              0.0005925341  4              0.0020775623  0              0.0000000000
136         or                                   30             0.0007332436  10             0.0041477385  3              0.0016158818  0              0.0000000000
137         our                                  31             0.0007572844  0              0.0001975114  0              0.0002308403  0              0.0000000000
138         out                                  47             0.0011419367  2              0.0009875568  0              0.0002308403  0              0.0000000000
139         over                                 44             0.0010698144  0              0.0001975114  3              0.0016158818  0              0.0000000000
140         own                                  21             0.0005168766  1              0.0005925341  0              0.0002308403  0              0.0000000000
141         part                                 28             0.0006851620  0              0.0001975114  0              0.0002308403  0              0.0000000000
142         pdf                                  65             0.0015746706  0              0.0001975114  1              0.0006925208  0              0.0000000000
143         people                               38             0.0009255698  4              0.0017776022  1              0.0006925208  0              0.0000000000
144         platform                             21             0.0005168766  1              0.0005925341  2              0.0011542013  0              0.0000000000
145         privacy                              23             0.0005649582  0              0.0001975114  0              0.0002308403  0              0.0000000000
146         product                              22             0.0005409174  2              0.0009875568  1              0.0006925208  0              0.0000000000
147         programming                          39             0.0009496105  4              0.0017776022  2              0.0011542013  0              0.0000000000
148         project                              40             0.0009736513  4              0.0017776022  4              0.0020775623  0              0.0000000000
149         python                               32             0.0007813251  3              0.0013825795  6              0.0030009234  0              0.0000000000
150         quantum                              27             0.0006611213  0              0.0001975114  0              0.0002308403  0              0.0000000000
151         react                                20             0.0004928358  0              0.0001975114  3              0.0016158818  0              0.0000000000
152         real                                 27             0.0006611213  0              0.0001975114  3              0.0016158818  0              0.0000000000
153         really                               24             0.0005889989  2              0.0009875568  0              0.0002308403  0              0.0000000000
154         released                             23             0.0005649582  0              0.0001975114  1              0.0006925208  0              0.0000000000
155         report                               25             0.0006130397  0              0.0001975114  0              0.0002308403  0              0.0000000000
156         review                               25             0.0006130397  0              0.0001975114  0              0.0002308403  0              0.0000000000
157         says                                 41             0.0009976921  0              0.0001975114  0              0.0002308403  0              0.0000000000
158         science                              32             0.0007813251  4              0.0017776022  0              0.0002308403  0              0.0000000000
159         search                               18             0.0004447543  3              0.0013825795  2              0.0011542013  0              0.0000000000
160         security                             42             0.0010217329  0              0.0001975114  1              0.0006925208  0              0.0000000000
161         service                              24             0.0005889989  0              0.0001975114  2              0.0011542013  0              0.0000000000
162         should                               33             0.0008053659  7              0.0029626704  0              0.0002308403  0              0.0000000000
163         show-hn                              0              0.0000120204  0              0.0001975114  206            0.0953370268  0              0.0000000000
164         simple                               17             0.0004207135  2              0.0009875568  8              0.0039242844  0              0.0000000000
165         smart                                21             0.0005168766  0              0.0001975114  1              0.0006925208  0              0.0000000000
166         so                                   29             0.0007092028  2              0.0009875568  0              0.0002308403  0              0.0000000000
167         social                               24             0.0005889989  0              0.0001975114  3              0.0016158818  0              0.0000000000
168         software                             41             0.0009976921  13             0.0053328066  2              0.0011542013  0              0.0000000000
169         source                               37             0.0009015290  2              0.0009875568  4              0.0020775623  0              0.0000000000
170         space                                29             0.0007092028  0              0.0001975114  0              0.0002308403  0              0.0000000000
171         startup                              50             0.0012140590  4              0.0017776022  0              0.0002308403  0              0.0000000000
172         startups                             18             0.0004447543  4              0.0017776022  1              0.0006925208  0              0.0000000000
173         still                                24             0.0005889989  3              0.0013825795  0              0.0002308403  0              0.0000000000
174         system                               44             0.0010698144  2              0.0009875568  1              0.0006925208  0              0.0000000000
175         tech                                 63             0.0015265891  6              0.0025676476  1              0.0006925208  0              0.0000000000
176         technology                           24             0.0005889989  1              0.0005925341  0              0.0002308403  0              0.0000000000
177         tesla                                27             0.0006611213  0              0.0001975114  0              0.0002308403  0              0.0000000000
178         test                                 26             0.0006370805  2              0.0009875568  1              0.0006925208  0              0.0000000000
179         than                                 40             0.0009736513  1              0.0005925341  1              0.0006925208  0              0.0000000000
180         that                                 85             0.0020554861  9              0.0037527158  6              0.0030009234  0              0.0000000000
181         the                                  1168           0.0280916434  26             0.0104681019  26             0.0122345337  0              0.0000000000
182         their                                27             0.0006611213  2              0.0009875568  0              0.0002308403  0              0.0000000000
183         they                                 27             0.0006611213  1              0.0005925341  0              0.0002308403  0              0.0000000000
184         things                               20             0.0004928358  1              0.0005925341  0              0.0002308403  0              0.0000000000
185         this                                 41             0.0009976921  3              0.0013825795  1              0.0006925208  0              0.0000000000
186         time                                 52             0.0012621406  5              0.0021726249  2              0.0011542013  0              0.0000000000
187         to                                   883            0.0212400231  65             0.0258739878  34             0.0159279778  0              0.0000000000
188         tool                                 18             0.0004447543  1              0.0005925341  6              0.0030009234  0              0.0000000000
189         top                                  23             0.0005649582  1              0.0005925341  1              0.0006925208  0              0.0000000000
190         up                                   55             0.0013342629  0              0.0001975114  1              0.0006925208  0              0.0000000000
191         us                                   72             0.0017429561  2              0.0009875568  0              0.0002308403  0              0.0000000000
192         use                                  58             0.0014063852  11             0.0045427612  4              0.0020775623  0              0.0000000000
193         users                                28             0.0006851620  1              0.0005925341  0              0.0002308403  0              0.0000000000
194         using                                80             0.0019352822  3              0.0013825795  7              0.0034626039  0              0.0000000000
195         video                                58             0.0014063852  1              0.0005925341  0              0.0002308403  0              0.0000000000
196         vs                                   29             0.0007092028  5              0.0021726249  1              0.0006925208  0              0.0000000000
197         was                                  29             0.0007092028  2              0.0009875568  0              0.0002308403  0              0.0000000000
198         way                                  38             0.0009255698  4              0.0017776022  3              0.0016158818  0              0.0000000000
199         we                                   62             0.0015025483  2              0.0009875568  0              0.0002308403  0              0.0000000000
200         web                                  48             0.0011659775  4              0.0017776022  5              0.0025392428  0              0.0000000000
201         what                                 103            0.0024882200  44             0.0175785108  0              0.0002308403  0              0.0000000000
202         whats                                15             0.0003726320  7              0.0029626704  0              0.0002308403  0              0.0000000000
203         when                                 49             0.0011900183  10             0.0041477385  0              0.0002308403  0              0.0000000000
204         which                                12             0.0003005097  8              0.0033576931  1              0.0006925208  0              0.0000000000
205         who                                  45             0.0010938552  3              0.0013825795  1              0.0006925208  0              0.0000000000
206         why                                  144            0.0034738917  15             0.0061228521  0              0.0002308403  0              0.0000000000
207         will                                 69             0.0016708337  2              0.0009875568  1              0.0006925208  0              0.0000000000
208         windows                              28             0.0006851620  0              0.0001975114  1              0.0006925208  0              0.0000000000
209         with                                 309            0.0074406193  13             0.0053328066  23             0.0108494922  0              0.0000000000
210         without                              39             0.0009496105  2              0.0009875568  3              0.0016158818  0              0.0000000000
211         work                                 39             0.0009496105  7              0.0029626704  3              0.0016158818  0              0.0000000000
212         world                                44             0.0010698144  0              0.0001975114  1              0.0006925208  0              0.0000000000
213         year                                 27             0.0006611213  0              0.0001975114  1              0.0006925208  0              0.0000000000
214         years                                34             0.0008294067  1              0.0005925341  0              0.0002308403  0              0.0000000000
215         you                                  160            0.0038585441  51             0.0203436698  5              0.0025392428  0              0.0000000000
216         your                                 170            0.0040989518  26             0.0104681019  17             0.0080794090  0              0.0000000000
